0 82.1041 121.929 40.499 41.7722 13.8534 40.8381 40.7564 40.242 31.6175 12.9615 42.3005 12.0035 49.8815 40.0884 12.1792 32.2477 33.2966 45.2281 49.398 9.95406 41.3884 82.7954 21.806 13.8774 21.4029 41.9275 56.1768 41.2129 45.1802 80.5647 52.8693 79.8274 41.3481 45.0259 13.9134 41.6283 32.3123 50.4183 14.6116 80.4824 22.1717 41.4799 44.4794 41.9126 79.4465 41.2048 15.0941 40.4702 40.885 14.5745 78.3858 41.0589 82.3691 8.93961 41.7403 41.9245 41.2311 82.502 80.8955 14.5459 12.5864 43.6673 46.0226 51.155 14.2624 41.9464 39.9291 23.1571 44.8878 80.2735 42.2946 84.3993 13.1593 45.4624 56.9364 40.998 40.9471 45.4514 32.3793 41.7343 95.265 63.2429 88.6378 42.3625 45.1184 41.2856 44.6262 42.4892 23.202 22.0076 40.7779 41.9265 78.5695 14.6373 44.6402 42.4686 42.7337 31.8617 44.9528 43.7712 64.7791 40.8299 12.3356 56.3952 22.0813 45.4496 41.49 50.2776 45.7821 14.1892 55.6717 50.8478 43.1567 56.6068 21.0297 80.3638 17.4499 85.806 41.8111 40.8258 6.72681 41.065 51.3347 80.5373 42.499 80.4653 11.1878 60.4469 45.2999 8.47054 45.6782 69.3794 50.0891 50.4042 44.4569 44.4691 22.5241 22.0208 80.2242 41.1775 22.3588 31.402 84.7649 50.2966 50.7305 44.9926 88.9058 45.111 14.086 45.5256 51.1273 12.7997 12.7115 5.85947 22.5887 82.9533 42.1001 50.1888 8.07775 10.7548 50.8019 45.6855 77.8305 22.5167 51.1224 56.5752 45.681 80.8172 80.6035 50.0008 41.8181 79.4486 50.6047 63.8768 45.2171 44.9815 44.8618 42.6644 40.998 40.9339 40.9563 21.5232 50.4728 30.2228 40.7451 41.4307 40.6038 77.7158 70.9254 42.2216 72.0145 41.8778 32.4615 11.8814 83.3807 40.6376 40.1891 56.6679 63.8527 
82.1041 0 43.2984 46.8188 44.1833 84.7339 82.2309 119.372 118.934 79.866 84.5892 45.3404 82.2846 118.427 118.907 82.5974 81.0853 81.2158 118.114 127.298 82.5101 117.874 161.795 79.4465 84.8975 88.3483 118.504 131.05 47.2846 57.8216 32.5333 65.3841 24.3293 46.1266 117.719 80.3803 117.834 80.0016 105.616 84.6064 12.9968 79.6879 118.167 117.564 42.271 24.2745 121.118 80.4037 46.7529 98.8833 79.9125 154.857 46.0263 14.1569 82.321 51.7075 41.6193 82.662 42.0704 98.5283 80.2314 84.7565 42.3409 42.3045 44.0218 79.7329 117.801 118.982 79.6137 41.8778 154.626 43.8064 17.3686 84.9799 118.041 72.8955 119.471 120.904 42.3733 80.5528 121.493 70.7537 135.691 25.4558 121.899 123.945 120.957 123.974 41.9494 79.4161 79.3405 99.2182 42.4195 157.382 80.2403 41.8688 43.9668 43.9422 81.1501 42.0634 51.0572 52.4349 46.0063 80.3404 119.203 79.392 40.8962 43.2541 118.113 42.759 84.7988 131.174 45.0657 43.4598 46.1582 88.7647 159.427 79.6456 51.7373 118.37 46.4265 82.4485 117.763 43.3484 14.2566 83.3861 14.8885 82.891 89.6902 58.4359 81.8102 42.3606 118.83 127.25 43.6616 117.148 41.8917 79.9578 88.3167 15.061 46.9184 89.2949 79.7736 17.4213 105.081 118.556 42.7649 23.5319 117.503 84.9966 117.594 85.839 84.5882 81.8897 82.0894 89.2856 162.022 82.504 118.166 81.718 82.1543 118.22 57.6317 155.683 79.6157 45.2198 119.341 56.698 98.354 34.3754 126.752 51.2404 126.773 118.316 121.485 124.113 123.77 117.545 51.7091 119.295 46.1357 47.0062 79.6273 43.2339 93.675 118.598 82.889 82.4798 155.572 140.783 44.3988 142.064 46.6494 80.0052 81.9853 155.252 118.817 118.674 46.8917 51.9647 
121.929 43.2984 0 85.0127 82.1979 124.583 118.256 158.158 158.589 117.856 124.402 82.5242 121.474 155.544 158.103 121.575 117.933 118.066 155.815 166.154 121.6 156.596 200.72 118.317 124.537 127.944 156.705 169.536 84.9564 94.1444 58.5655 100.646 50.5602 85.1445 155.743 119.53 156.566 117.877 141.617 124.179 45.607 118.216 156.735 155.764 81.9461 51.247 160.205 119.488 85.6733 136.812 119.446 193.115 84.9264 41.9524 121.54 89.1156 82.2294 118.342 64.9583 127.166 119.493 124.428 82.316 80.2418 79.6314 119.806 156.548 158.188 118.165 80.2906 192.332 82.1518 40.9746 124.674 155.775 106.545 158.113 160.206 80.4032 117.822 160.219 90.65 174.074 42.1446 160.39 162.737 160.531 162.966 82.2755 118.317 118.427 136.353 81.9365 196.07 119.426 80.5709 82.0615 82.099 118.029 80.2133 89.0463 82.401 84.9706 120.264 155.681 118.565 80.4477 82.2846 155.412 80.1561 124.251 169.893 79.9479 82.0701 80.0869 127.797 197.987 120.048 72.4339 156.675 85.05 121.921 156.659 79.6304 46.585 118.649 46.3591 121.659 121.659 93.9335 121.995 80.1509 153.49 165.914 79.6712 155.848 80.4663 118.27 127.839 46.0534 84.9559 128.202 117.901 40.6551 141.535 155.574 80.4083 41.9881 155.694 124.585 155.686 119.704 124.659 121.451 121.75 127.86 200.678 118.439 155.368 121.541 121.431 155.464 94.5317 194.254 118.288 79.9865 155.694 93.9419 127.3 57.1744 166.052 88.9312 160.23 155.436 156.658 162.892 162.781 155.668 89.0702 158.073 84.9058 84.9784 118.331 79.5241 131.936 158.28 118.382 118.33 194.336 178.545 82.2714 179.163 84.974 117.965 121.431 192.169 158.151 158.184 80.2548 82.1939 
40.499 46.8188 85.0127 0 11.6369 42.1209 56.2035 78.4395 79.268 50.1822 41.7183 12.3085 40.2171 83.7591 78.4782 40.3712 50.0192 50.3513 80.879 83.9097 40.0884 78.9541 119.929 44.8107 41.9444 45.4267 79.108 87.6651 6.23832 22.0492 43.2753 35.0405 40.5021 9.7254 80.8564 41.3562 79.1249 50.29 63.5164 41.4176 42.5969 44.6617 78.9757 80.7893 12.7541 40.7564 79.0438 41.339 10.5317 57.138 41.4859 116.653 7.88458 45.5695 39.8915 11.565 14.6828 56.245 45.8221 70.3805 41.3128 41.7043 17.1683 21.6352 30.9435 42.3615 79.1733 78.5934 44.7335 20.8447 117.832 13.0576 50.065 42.0833 80.9326 42.2207 78.5223 79.0886 21.6968 50.0292 79.1049 66.2684 92.9978 56.7854 79.2202 80.7708 79.6037 80.9588 14.824 45.1128 45.1968 56.1716 12.114 116.753 41.1785 21.436 12.3085 12.4532 50.0724 20.5811 15.7665 50.8322 7.2111 42.7083 87.6266 45.4908 22.8327 12.4532 83.8158 21.0674 41.4528 87.9133 30.6771 13.8384 40.2358 44.6962 117.777 43.6835 50.7699 79.0179 6.40963 40.4135 79.1112 31.4219 43.283 56.8419 43.0494 39.9375 71.5 20.9643 41.066 21.0436 80.0323 83.7063 30.6879 81.1429 20.8307 44.7819 45.3045 42.6018 7.38241 45.345 50.1614 50.1348 63.5538 84.0471 20.7405 57.1606 80.9305 41.9752 80.9594 63.7854 42.0941 40.2989 40.2565 44.7893 119.856 56.8228 83.7193 40.1456 39.9427 84.0223 23.5177 116.291 44.7633 31.1475 87.666 22.7101 70.4823 41.6893 84.1551 12.0451 89.0178 83.9266 92.4234 80.8898 80.9712 80.8223 13.0448 78.4989 6.97017 5.31507 44.4588 30.5164 49.859 79.1017 56.2191 56.1226 116.307 98.3578 11.7898 99.0219 8.66506 50.5388 40.2523 119.869 78.7898 78.739 40.3134 50.2485 
41.7722 44.1833 82.1979 11.6369 0 45.7593 49.7184 78.9367 79.7987 45.1913 45.123 7.11805 41.331 80.4891 78.9393 41.3219 44.6402 45.4138 78.7697 87.6066 40.9959 78.2602 122.34 41.339 45.5668 50.5454 78.1078 92.2826 11.7189 31.6373 47.2546 44.7307 41.9692 14.2741 78.8675 39.9927 78.2863 45.6116 71.2712 44.9713 41.7642 41.2412 78.415 78.8627 8.9861 42.5333 80.5057 40.1248 15.0111 64.5439 40.5904 115.957 13.8082 42.547 40.9919 21.1404 12.3085 49.7737 51.3988 80.0729 40.1943 45.0333 15.4299 14.0949 22.183 41.4045 78.3901 78.9488 41.512 11.6905 116.244 6.94622 44.872 45.7284 78.8421 52.0665 78.8654 80.6396 13.4876 44.9685 80.5036 74.6107 98.2921 50.5734 80.7491 83.4875 81.3178 83.6745 13.0608 42.1218 41.8589 63.3548 8.31665 117.766 40.1508 12.2848 7.5 8.8459 44.5692 12.0968 24.3858 41.9603 13.8082 41.5261 83.5429 41.9802 15.1685 8.20061 80.7181 12.6029 45.0185 92.5725 21.2446 10.9202 30.8464 50.0883 119.403 42.8408 57.3462 78.2443 12.7867 41.4679 78.2587 23.0796 42.7064 50.7625 42.2029 41.0518 63.773 30.1095 42.6028 12.6919 88.5607 87.5424 21.1345 79.1423 12.5433 41.0934 50.5124 41.9742 11.6082 50.9338 45.1811 45.23 71.5012 80.8806 11.8954 51.2624 78.9953 45.4973 79.0959 56.6326 45.8984 41.8758 41.329 50.2925 122.274 50.7748 80.5647 41.3532 41.1906 81.0041 33.1009 116.36 41.4287 21.7486 83.6276 32.311 80.3228 44.9426 87.9195 21.2191 97.8792 80.7625 87.5467 83.6909 83.5379 78.7909 22.1679 78.9604 12.6557 12.1415 41.2644 21.2525 56.1701 79.6309 49.7711 49.5538 116.498 104.284 6.3705 105.073 14.3875 45.6919 41.5432 117.511 79.2622 79.3011 30.6322 40.5432 
13.8534 84.7339 124.583 42.1209 45.7593 0 50.719 42.2364 41.2533 40.5226 6.53835 46.8508 16.773 56.9927 41.5251 17.9165 42.2345 43.147 50.9493 44.6272 15.0555 44.9518 80.5559 31.3661 6.32456 13.7235 46.2988 50.0808 42.9263 41.8599 79.501 46.6128 80.4948 42.1515 50.7576 23.1499 45.2263 40.7717 41.2442 11.0076 81.969 30.8963 45.2742 50.3132 45.0324 80.1914 40.8463 22.4499 41.7652 30.5669 21.8327 80.7145 42.3438 85.2877 14.6088 40.4815 44.8665 51.1403 80.651 72.5471 21.9222 6.94622 46.1293 51.0988 57.7329 20.8726 45.1396 41.6593 31.6254 50.2195 83.7705 46.3986 88.5273 7.95822 51.3582 51.1045 43.0929 40.3877 51.0408 41.4638 41.6493 90.0079 56.0825 93.675 42.5059 42.0337 39.9687 41.5883 45.4276 31.0779 30.485 31.5357 45.1756 77.976 22.383 50.3943 46.3564 45.6709 42.1268 50.1257 41.8937 72.6659 41.8021 22.7724 63.8899 31.4099 50.7362 45.6682 56.9883 51.142 9.32738 49.741 57.7826 46.5457 63.8501 12.6458 78.9752 23.1858 82.9869 45.883 41.8738 14.7874 44.9129 57.1948 81.9044 52.6062 81.94 16.2044 70.5242 42.7346 12.8712 50.9665 60.2426 45.013 57.1446 49.9158 50.2817 32.052 12.8679 81.8769 43.0804 14.1921 40.6346 88.7431 40.6776 57.9015 50.9665 93.5089 50.3529 7.23994 50.7067 61.1698 8.544 14.7986 13.2853 14.3788 80.6019 51.6551 56.8968 12.7835 14.9583 57.6238 42.0654 78.6702 32.039 58.1399 64.1437 41.8479 72.3786 80.2865 45.0333 40.9797 69.8331 57.4739 72.0573 42.2207 42.2147 50.3579 41.0132 42.87 42.3104 42.637 31.0242 57.0197 21.8136 41.2715 51.3152 50.7691 78.5626 63.4284 45.9737 64.8896 43.2965 41.1572 15.814 87.9758 42.1218 41.4709 64.2819 72.2294 
40.8381 82.2309 118.256 56.2035 49.7184 50.719 0 55.367 56.8001 12.2474 49.965 50.0283 39.4747 40.6233 55.1354 39.3256 11.4127 12.2134 44.1446 78.9008 39.9291 48.816 102.357 20.443 50.4893 59.6615 48.9115 86.7261 56.0981 72.1757 94.6326 81.9563 88.5781 56.3264 43.5746 29.7377 48.6535 13.3448 88.3077 49.2358 84.6035 21 49.3128 43.8596 49.813 88.9986 62.2843 30.1952 57.2858 79.468 30.3233 82.2364 56.1115 81.2993 39.8382 63.7639 50.3074 4.82183 99.641 115.815 30.2021 50.03 50.429 44.3246 40.9471 31.6254 48.7818 55.3918 20.4634 44.2926 79.1033 49.4941 79.187 50.7461 43.8016 89.7111 54.9614 62.3445 44.7055 11.471 62.2508 120.618 96.3583 78.5218 62.6658 70.091 63.5872 70.5874 50.1373 21.3931 22.0322 78.4777 49.59 91.1834 29.9082 44.6887 49.611 50.0866 11.6261 44.7307 64.0098 41.3753 56.3264 32.805 38.8802 21.7064 44.6047 49.9366 40.184 44.2964 49.5774 87.47 41.1562 49.5412 39.424 59.5798 95.9627 32.6203 105.4 48.9838 56.3782 40.7922 48.9047 41.2937 85.3986 9.62202 85.1557 40.2182 21.0198 71.4522 41.2614 44.2672 107.917 78.4676 40.6735 44.2248 44.7232 20.2217 59.5987 85.1826 55.8398 60.4683 12.3558 79.2144 88.2223 40.4547 44.5197 78.6956 43.6845 50.6022 43.6368 12.4599 50.5297 39.7859 40.3433 59.7753 102.311 7.32575 40.184 39.9521 39.5601 40.242 72.6367 86.0731 20.2073 41.0903 38.954 71.7896 116.05 93.4251 78.5547 63.4797 118.26 40.2368 40.3061 70.5343 69.9476 43.5029 63.9727 54.9128 55.9039 56.1486 20.9006 40.6643 69.1442 55.9494 7.10047 4.94132 86.2337 104.991 49.8657 106.014 56.0587 12.7181 39.5032 77.5183 55.1445 55.4497 39.3859 40.6069 
40.7564 119.372 158.158 78.4395 78.9367 42.2364 55.367 0 15.3758 49.5698 41.8011 79.0163 40.157 30.5 8.51959 40.2264 49.3938 49.6437 21.2838 31.0644 39.6211 11.7047 49.569 44.4803 42.1288 45.7384 12.4933 40.0416 78.544 81.8942 118.936 85.9937 117.556 78.6797 21.3854 41.0356 12.7997 49.5816 63.6481 41.49 117.999 44.1163 12.2509 21.2191 79.1238 117.807 12.2712 40.9359 79.2585 57.1402 41.2987 41.0873 78.7829 118.737 39.5538 79.3179 79.6137 55.2313 119.993 105.801 41.1248 41.7443 79.8535 80.6484 83.3077 42.0912 12.51 9.2376 44.2512 80.5471 44.0161 79.1102 120.315 42.4323 21.0594 89.7023 8.36162 13.3385 80.9115 49.235 12.7541 129.654 50.5684 122.791 12.3794 20.3838 16.7257 21.0079 79.3552 44.7251 44.9175 56.133 79.1054 41.1987 40.7308 80.8682 78.9409 78.8554 49.5109 80.5616 79.8269 91.7755 78.5626 42.9156 39.5411 45.1368 81.2235 79.2475 30.1648 80.5476 41.495 40.5853 83.1825 79.1796 86.9483 44.8693 43.8264 43.7617 122.075 12.7475 78.5992 40.654 12.8323 83.4266 118.379 55.9531 118.235 39.5495 70.2258 81.3839 41.3411 80.5248 80.1665 29.9319 83.2771 22.3028 80.7083 44.3762 45.4643 118.182 78.7163 45.5613 49.6957 120.278 63.5446 30.8572 80.5761 122.947 21.589 42.108 20.8646 62.6352 42.4195 40.1497 40.2896 44.5449 49.2104 55.8204 29.7433 40.1342 39.538 30.8045 82.0345 39.9521 44.5449 83.3697 39.7775 81.9553 105.759 118.233 31.6294 79.3815 89.1651 30.6254 49.0748 20.7926 22.0189 20.7204 79.3358 7.76209 78.5446 78.4793 44.2493 83.2761 50.0616 13.6534 55.4444 55.3609 39.8549 59.9222 78.6781 61.1085 78.7168 49.7418 39.8967 49.2883 11.2694 11.5289 86.8763 91.6538 
40.242 118.934 158.589 79.268 79.7987 41.2533 56.8001 15.3758 0 50.0908 41.2704 80.4166 41.6633 32.7134 11.6154 42.3596 51.4587 52.2502 24.715 31.0779 41.3924 15.5188 49.3314 45.1027 41.1096 44.6281 18.7283 40.7952 79.6027 81.5291 118.318 86.0915 118.119 79.51 24.3516 42.5078 16.1374 50.5915 64.3338 42.3861 118.167 45.1968 16.0572 22.9855 79.4806 117.748 16.0572 42.2157 78.4782 56.7245 41.9245 41.1967 79.3174 119.573 41.3148 79.7663 79.2112 57.1657 120.144 105.726 41.9613 41.2805 80.3373 81.9136 84.8474 41.5261 17.0489 10.9278 45.6235 81.0817 45.2834 80.2335 120.652 41.0295 25.9663 88.6783 16.2455 14.2945 81.4279 51.133 18.4074 129.164 49.7896 123.701 20.6478 24.1057 12.2236 23.7732 79.8128 45.3229 44.4682 57.019 79.5272 41.143 42.5509 80.8698 80.2283 80.1483 51.2762 80.9892 80.7248 93.3702 79.2528 40.9776 41.6513 45.0139 81.1881 79.478 33.1964 81.8128 41.821 40.3175 84.7305 80.4896 87.6955 45.1728 45.2106 42.0555 122.781 17.8699 78.9435 40.4475 15.1272 84.5306 117.861 58.7183 117.947 41.8051 72.1676 82.1756 39.833 81.715 80.1421 32.3033 84.2818 21.867 80.8888 45.753 44.8553 117.857 79.6712 45.2429 49.9533 120.973 64.1476 34.6434 81.4785 123.616 23.7153 41.224 25.1744 64.7611 41.2088 41.4749 40.2844 46.2592 49.6957 58.0215 33.0151 40.3061 41.4266 34.2941 81.9446 39.7859 45.5869 84.9946 42.0634 81.6241 105.706 118.927 31.4033 80.0271 88.6844 33.8612 51.5049 23.8362 23.4503 23.8083 80.2621 15.9557 79.3353 79.5885 44.859 84.1838 50.0758 9.55249 57.3149 56.712 39.66 59.6741 80.1582 61.3922 79.9958 50.8437 41.7433 50.9076 12.7769 9.89529 88.0658 92.6683 
31.6175 79.866 117.856 50.1822 45.1913 40.5226 12.2474 49.5698 50.0908 0 39.8988 45.9375 30.3795 40.4351 48.88 30.895 10.2632 11.7969 41.6423 70.8396 30.9597 44.0615 96.6006 11.5434 40.3588 49.8188 44.8432 78.4634 50.28 64.2307 89.3789 73.2604 84.8454 49.8272 40.9736 21.0278 43.794 6.88598 78.9462 39.6516 81.4483 11.9791 44.6915 40.9583 44.4747 85.0941 55.5563 20.8626 50.6104 69.5 20.349 79.6775 49.7385 79.6267 30.7368 56.6341 44.5346 13.3978 94.0837 106.74 20.8387 40.1435 44.7325 41.4397 40.4979 21.1818 43.8767 49.3559 11.6512 41.1208 77.8631 45.1091 78.703 40.6889 41.4568 81.0345 49.4233 55.3572 41.4699 8.01041 55.801 113.152 87.6256 79.4984 56.5111 62.6724 56.1115 63.0919 44.6393 11.7615 12.2236 68.994 44.47 86.6564 20.8287 41.5191 45.1534 45.218 10.5 41.4468 56.531 45.2567 49.808 23.9583 40.7779 13.032 41.1015 45.0481 39.7345 41.6143 39.767 79.1038 41.0305 44.8497 40.8003 49.9199 90.9597 22.1679 99.4321 44.6981 49.9375 31.8368 44.1012 40.0635 82.0122 16.9214 81.8836 31.5331 31.5938 64.0293 31.281 41.4025 98.4437 70.5355 40.0635 40.7104 41.6593 12.5133 49.6454 81.8647 50.0783 50.7182 5.81664 78.8406 78.6273 40.6212 41.8728 79.2754 40.6192 40.6817 40.7942 22.8108 40.614 30.0042 30.9933 50.3049 96.6264 14.1451 39.7985 30.2214 30.2021 39.9823 64.5426 82.3721 12.1072 41.0832 40.9766 63.5466 106.918 88.9668 70.3011 56.2865 108.68 40.0406 44.5748 63.1104 62.5173 40.6755 56.7384 49.2976 49.7083 50.2394 12.49 39.8999 59.6441 49.1994 14.5086 12.9743 82.4656 96.2276 45.4129 97.6332 50.0591 7 30.3507 77.5768 48.8467 48.937 41.3189 44.7782 
12.9615 84.5892 124.402 41.7183 45.123 6.53835 49.965 41.8011 41.2704 39.8988 0 46.1492 14.3527 56.4306 40.9268 15.5134 41.2765 42.0436 50.3587 44.6449 13.626 44.4813 80.3176 30.3631 6.60177 11.9199 45.456 49.6135 42.2453 41.9394 79.7026 47.0399 80.2616 41.6153 50.055 21.7486 44.5365 40.3722 40.7625 7.97914 81.7068 30.359 44.9444 49.7184 44.5431 80.1899 40.0729 21.362 41.5181 30.6662 20.9821 80.3959 41.6943 84.8729 13.1656 40.2834 44.5851 50.3057 80.5988 72.3026 21.0832 5.54527 45.6289 50.4835 57.0847 20.6478 44.643 41.2078 30.814 49.6882 83.3082 45.5265 88.114 8.00521 50.5907 51.0824 42.1218 39.7429 50.2651 40.7543 40.786 90.0463 55.9978 93.2224 41.7353 41.489 39.9937 41.3743 44.9898 30.5205 30.0361 30.7449 44.7148 78.0449 21.5445 49.813 45.6399 45.3817 41.1106 49.8606 41.3401 72.1561 41.5371 22.2055 63.2759 30.459 49.9608 45.0906 56.3227 50.528 6.8313 49.6672 57.1285 45.8158 63.2989 12.3423 78.6575 22.6108 82.666 45.2815 41.4719 13.784 44.4044 56.7245 81.8495 51.788 81.7374 14.66 69.8325 41.999 12.8258 50.3711 59.8512 44.7726 56.4675 49.3204 49.823 31.0094 12.083 81.8169 42.106 14.5144 39.8539 88.3667 40.1777 57.1052 50.3686 93.145 49.7226 7.46659 50.1332 60.4187 7.74059 13.3385 11.9164 14.2273 80.4601 50.8879 56.282 11.2953 13.1783 56.8258 42.111 78.4692 30.9166 57.3876 63.5184 41.4065 72.144 79.9484 44.4166 40.3144 70.0506 56.6848 71.4365 41.838 41.3501 49.7108 40.6602 42.0664 41.6263 42.1337 30.3439 56.4144 21.1522 40.9298 50.5693 50.0383 78.4049 63.2712 45.4551 65.1396 42.4873 40.4959 13.7689 87.5333 41.2068 40.939 63.6534 71.5175 
42.3005 45.3404 82.5242 12.3085 7.11805 46.8508 50.0283 79.0163 80.4166 45.9375 46.1492 0 41.5442 80.6024 79.2433 41.4558 44.7419 45.0065 78.7755 87.8948 41.6063 78.4166 122.562 42.0397 46.4776 51.3712 78.1622 92.4964 12.2678 32.4525 48.3175 46.2097 42.3143 16.4469 78.886 40.4228 78.569 46.2268 71.4201 45.5027 42.798 41.9434 78.3459 78.9034 12.6656 42.7268 80.7764 40.696 16.8251 65.4192 41.2947 116.098 14.9583 42.7843 41.4307 22.0888 15.4002 49.7946 51.8516 80.5585 40.9166 46.0154 17.7106 14.6287 21.9393 42.7132 78.7459 79.3227 42.0377 13.5093 116.388 9.53065 45.1654 46.3168 78.7618 52.6387 78.8527 80.9578 13.7598 45.3165 80.6138 75.3453 98.8555 50.4563 80.5171 83.6207 81.8795 84.0159 15.2561 42.9311 43.0571 63.7273 11.1131 117.981 40.6007 14.1598 7.23418 10.7471 44.7437 13.3635 25.6645 41.4729 15.0941 42.3212 83.7014 43.0591 17.4117 8.77971 80.795 12.9518 45.6399 92.8807 20.5973 11.3505 31.4351 50.5816 119.524 44.3368 57.6773 78.1345 14.0712 41.8688 78.5674 23.5531 43.8786 50.0416 43.4866 41.2058 63.4081 30.8031 43.3628 12.897 88.7971 87.7055 21.469 79.6466 13.3417 41.6983 51.3858 42.7629 13.1403 51.1477 46.0453 45.4716 71.771 80.7929 11.5253 51.6253 79.197 46.422 79.1481 56.2754 46.534 42.3389 42.0248 50.4554 122.402 50.6902 80.681 42.2424 41.5331 80.9573 34.2929 116.659 41.7542 20.9165 83.6536 33.6118 80.9151 45.1682 88.3883 22.3084 98.0803 80.8048 87.4467 83.7526 83.859 78.9631 23.7364 78.9377 13.8684 11.9094 41.6553 21.6391 56.5914 80.4156 49.6639 49.6563 116.744 104.743 7.39932 105.085 14.3643 46.422 42.1199 117.465 79.6602 79.6942 30.9422 40.6346 
12.0035 82.2846 121.474 40.2171 41.331 16.773 39.4747 40.157 41.6633 30.3795 14.3527 41.5442 0 49.4916 39.8121 6.58281 30.0694 30.3054 44.3189 50.1913 9.10128 40.8687 83.3971 20.7906 15.5858 22.5093 41.0295 55.6155 39.9458 45.9012 81.4494 53.7951 79.3531 40.8187 44.0719 11.9443 40.7114 30.9906 49.8255 11.8638 80.0479 21.0851 41.2472 44.1843 41.493 79.793 40.9166 11.8989 41.3582 42.1989 12.5399 78.3321 40.0936 81.4356 8.11891 41.844 41.8808 39.4905 82.6831 80.779 12.4164 14.5287 42.4814 44.7018 49.5421 16.3248 41.0071 40.1912 20.4959 44.425 80.012 41.4136 83.8357 16.0805 44.205 58.4801 39.4715 40.9349 44.3574 30.2311 40.9664 95.6439 64.28 87.7321 41.499 44.2465 42.4686 45.23 42.0912 21.7907 22.1848 40.0177 41.1977 78.9156 12.2338 44.6943 41.0356 41.7183 30.3425 44.4794 42.3979 63.3726 40.5237 17.4738 55.4136 22.5795 44.6971 41.2765 49.1799 44.3978 12.3254 56.7634 49.6143 41.2735 55.5428 22.3159 80.101 17.7271 85.3595 40.9268 40.1373 11.0189 41.068 49.6748 80.6288 40.3918 80.4746 8.81287 58.8742 45.1479 13.1846 44.2822 69.7824 49.6756 49.2942 44.7707 44.713 20.7605 22.4128 80.3482 39.8758 23.9513 30.5109 83.9613 49.8999 49.5648 44.5739 87.9256 44.1465 15.7242 44.2163 49.409 15.8377 7.28583 10.251 22.7266 83.3557 40.2606 49.1672 8.2361 5.99305 49.3212 46.929 77.8326 20.394 49.6211 55.4279 45.5293 81.1244 80.0724 49.9266 41.501 80.3829 49.202 62.5799 44.6514 44.0416 44.0521 42.2838 39.4705 39.9468 40.0916 20.998 49.1867 31.1047 40.9481 39.539 39.4462 78.0785 71.8558 41.6223 73.2211 40.0052 31.0228 7.72442 82.8719 39.8926 40.1445 55.7218 62.8126 
49.8815 118.427 155.544 83.7591 80.4891 56.9927 40.6233 30.5 32.7134 40.4351 56.4306 80.6024 49.4916 0 30.2255 49.1952 39.4483 40.3175 11.1878 59.0741 49.29 20.7666 69.9702 40.9664 56.8353 63.79 19.8997 68.4105 83.7974 93.1719 125.037 100.747 121.273 84.2397 10.9962 44.1267 20.8247 40.9298 87.7164 56.1115 119.399 41.1299 21.4107 11.8145 81.1157 121.402 39.2269 44.4513 84.3534 80.4327 45.0268 43.6291 84.1368 117.692 49.3559 87.9356 81.5404 40.6919 128.296 126.43 44.4766 56.3501 81.9863 79.0295 78.2901 45.7748 21.4476 30.3987 41.336 78.7147 39.8821 80.682 116.566 56.7575 11.694 105.691 29.7363 39.4736 78.9689 40.0697 38.9701 143.63 78.9784 117.001 39.5696 49.0697 41.2674 49.5572 81.6165 41.8708 41.8041 79.2748 80.9146 55.5263 44.485 78.6887 80.8033 81.1316 39.2237 78.8517 88.9944 80.8131 84.213 45.6271 12.0865 41.6283 79.3321 80.8378 7.30297 78.8136 56.3316 68.9843 77.9391 81.1336 78.5451 63.5151 61.711 47.1354 132.214 20.137 84.003 49.5387 20.7465 78.6442 119.858 41.5632 119.676 49.4343 49.3567 92.5707 50.6475 78.8675 105.895 59.0134 77.9043 14.2185 78.7734 40.5915 63.8377 119.548 83.7053 64.2216 40.43 116.761 88.0237 7.77282 78.675 117.421 12.51 56.8624 13.2445 44.4325 57.0592 50.0633 49.5446 63.7371 69.8552 41.8011 6.57647 49.6664 49.5379 9.62635 93.9029 48.7605 40.9115 77.9797 12.2202 93.4773 126.764 123.967 59.4103 88.0161 115.449 7.86871 21.2544 49.5942 48.943 11.3725 88.46 30.0624 83.9385 83.8163 40.8401 77.9888 71.0041 32.414 40.6602 40.2658 49.0739 88.269 80.7873 89.0922 84.2061 40.9156 49.7929 38.7234 30.9691 31.0886 78.3698 80.1036 
40.0884 118.907 158.103 78.4782 78.9393 41.5251 55.1354 8.51959 11.6154 48.88 40.9268 79.2433 39.8121 30.2255 0 39.8884 49.3567 49.8514 21.589 30.5955 39.789 11.2546 49.0671 43.7588 41.3904 44.6206 13.0703 39.4905 78.6532 81.6446 118.618 85.9355 117.605 78.5133 20.4878 40.537 11.225 49.2502 63.4934 40.8238 117.726 43.8929 12.7965 20.5203 78.8659 117.696 11.2138 40.7196 78.8131 56.6804 40.7175 40.5144 78.561 118.657 39.5927 79.3337 79.049 55.3421 119.963 105.388 40.6991 41.003 79.4727 80.6262 83.4875 41.0711 11.726 6.96419 43.9943 80.2896 43.6234 79.0353 120.071 41.5462 21.3815 89.2235 7.79957 10.8244 80.6045 49.1393 12.3423 129.381 50.0833 122.777 14.6059 20.569 14.242 21.2348 79.0975 44.0691 44.0681 55.9985 78.8247 41.1289 40.6007 80.4731 79.0944 79.1386 49.2434 80.5228 79.8321 91.9298 78.5287 41.7941 39.3457 44.1295 80.5921 78.9789 30.0957 80.6401 41.0508 40.2461 83.4076 79.1644 86.7876 44.5459 43.6854 42.0951 122.01 12.6392 78.5218 40.0645 10.9506 83.4716 118.081 56.2539 117.935 40.0302 70.4006 81.2481 40.214 80.5517 79.7851 30.2848 83.1189 20.5102 80.4669 43.9697 44.6346 117.897 78.5409 45.3312 48.9345 120.203 63.2765 30.9192 80.575 122.869 20.3101 41.5772 21.0476 62.8464 41.4869 39.6663 39.6348 44.9361 49.1087 55.8256 29.9778 39.4219 39.6243 30.6526 81.8647 39.2163 43.9289 83.5389 39.4631 81.3803 105.535 118.232 30.2545 79.2149 88.9995 30.4015 49.2604 21.8041 20.4654 20.1163 79.5718 7.6103 78.4644 78.5897 43.7817 83.1585 49.6362 9.02774 55.539 55.1022 39.2078 59.4748 79.0322 61.3562 78.7062 49.306 39.7586 49.0884 6.54472 6.25167 86.9027 91.5187 
12.1792 82.5974 121.575 40.3712 41.3219 17.9165 39.3256 40.2264 42.3596 30.895 15.5134 41.4558 6.58281 49.1952 39.8884 0 29.7993 30.2462 44.4635 50.4851 8.14453 41.0102 83.5284 20.9821 17.2988 23.1822 40.8595 55.8017 40.2492 46.3879 81.8769 54.3668 79.5592 40.6581 43.9185 11.3431 40.7789 31.2223 49.9717 12.593 80.2107 21.5329 41.6043 44.3452 41.8619 80.0167 40.9115 12.6984 42.0625 42.6302 13.9613 78.5504 40.5411 81.4059 8.82704 42.0595 42.5343 39.4979 82.9744 80.8419 12.7769 15.5376 42.6761 44.4672 49.5891 16.7978 40.9593 40.2451 21.2564 44.4485 79.9271 40.9532 83.934 17.5808 44.1777 58.8855 39.4113 41.0761 44.9017 30.1012 40.6489 96.0282 64.6471 87.7368 41.2462 44.4344 43.2974 45.2935 42.3054 22.2017 22.8473 40.4063 41.4095 79.2107 12.3187 44.7363 41.226 42.0298 29.7546 44.9565 43.0881 63.1935 40.8707 18.0808 55.2547 22.1416 44.9694 41.7752 48.9583 44.3274 14.1421 56.9949 49.5648 41.2088 55.7031 22.9692 80.1207 19.0285 85.2545 40.9471 40.8361 11.6404 41.0396 49.9733 81.2276 40.0385 80.8981 9.77667 58.7835 44.9351 14.477 44.4335 69.891 49.9591 49.1825 44.9963 44.793 20.1969 23.1805 80.9243 39.7974 25.4296 30.9058 83.9573 50.1573 48.9787 44.5879 88.1131 44.1059 17.76 44.1418 49.2223 17.6753 9.15605 10.247 23.4379 83.4566 39.8727 49.0535 9.47804 7.78353 49.0323 47.4192 78.0155 20.4471 49.3398 55.2102 46.0435 81.3613 80.075 50.0092 41.7652 80.5848 48.9677 62.4673 45.2861 44.1239 43.9403 42.7736 39.4219 40.0864 40.3216 21.2583 49.2925 31.5212 41.3582 39.7482 39.3542 78.2256 71.905 41.5702 73.2092 40.272 30.9368 7.47217 82.809 39.9875 40.4032 55.5143 62.6751 
32.2477 81.0853 117.933 50.0192 44.6402 42.2345 11.4127 49.3938 51.4587 10.2632 41.2765 44.7419 30.0694 39.4483 49.3567 29.7993 0 6.53197 40.6735 71.0868 30.6254 44.2709 96.8379 13.0894 41.7742 50.8117 43.8302 78.6342 49.7477 64.66 90.4369 74.8259 84.8646 50.4827 40.4125 20.8866 43.9924 11.4528 78.7189 40.2316 82.1564 13.1466 44.6673 40.8412 45.3027 85.3302 55.4474 21.1994 51.4401 70.6582 22.342 79.7026 50.2444 79.6466 30.7232 56.8514 46.019 11.3908 94.4943 107.037 21.6256 41.2432 46.2052 41.3552 39.8476 24.6052 44.1758 49.6076 12.7508 41.2159 77.6488 44.455 78.6506 41.9911 40.4073 81.7873 48.728 55.611 41.6133 6.43558 55.1347 114.148 88.378 79.1733 55.5083 62.5866 57.1846 63.2943 45.9638 15.0194 15.9243 69.1297 44.9017 86.999 21.2603 41.5893 44.5412 45.1691 4.60977 41.491 57.5493 44.8312 50.4975 25.4673 40.4217 15.4812 42.0347 45.1239 39.1865 40.8962 40.5596 79.5623 39.834 44.6664 40.9166 50.4563 90.8382 26.0864 99.492 43.9687 50.3537 31.8578 44.3227 40.4032 83.1199 12.9261 82.8623 30.8815 29.9792 63.7037 33.3954 41.0792 98.6919 70.7201 39.5727 41.7493 41.6333 11.3063 50.7847 82.6433 49.5589 51.5986 10.6027 78.7141 79.0016 39.1727 41.2543 79.6367 40.6222 42.0882 40.6581 20.7465 42.1841 30.9314 31.5013 50.6203 96.7187 13.0608 39.1333 31.1689 30.4781 39.2227 65.6341 82.6267 12.3659 39.5295 40.2885 64.6826 107.445 88.5936 70.9812 56.6348 109.042 39.0075 43.6988 63.0998 62.4179 40.4331 57.2553 48.8083 49.9032 49.9099 13.6076 39.6852 59.9034 50.636 11.5072 11.158 82.9257 96.7243 44.9036 97.6136 49.9817 10.9545 30.6254 76.9524 49.4528 49.8448 40.7298 44.088 
33.2966 81.2158 118.066 50.3513 45.4138 43.147 12.2134 49.6437 52.2502 11.7969 42.0436 45.0065 30.3054 40.3175 49.8514 30.2462 6.53197 0 41.2906 71.6624 31.7398 44.6113 97.1708 14.6173 42.5891 51.3266 44.4203 78.8147 50.0616 65.2457 90.8176 74.97 84.9819 50.8437 40.8258 21.8556 44.4503 11.9199 79.0601 40.429 82.238 15.072 44.8776 41.1967 45.8421 85.5716 55.9635 22.1491 52.2207 71.0979 22.7651 79.9818 50.3504 79.5739 31.5674 57.3651 46.4031 11.7118 94.6586 107.362 22.5758 42.2394 46.342 41.3169 39.5811 25.9342 44.6075 50.3173 13.3822 41.7333 77.9915 45.0389 78.8781 42.8738 40.6581 82.1046 48.9438 56.1041 41.83 7.90569 55.6567 114.233 88.8805 79.038 55.6597 62.8689 57.8705 63.8077 45.9928 16.2147 18.0093 69.4634 45.3376 87.3613 21.8384 42.4009 44.6589 45.4368 8.72735 41.9593 57.4101 44.2578 50.7239 27.0555 40.6704 17.5143 42.3045 45.5238 39.4525 41.1056 40.9186 79.9317 39.9145 44.5066 41.1208 50.9518 91.1459 26.9119 99.6143 44.4063 50.7338 33.0404 44.9583 40.2213 83.3282 11.2916 83.1304 31.4841 29.4038 64.2735 34.2746 41.1481 98.8935 70.9372 39.9061 42.5549 42.1238 13.6565 51.2941 82.9136 49.8957 51.9888 12.1037 78.7443 79.1812 39.4367 41.4799 79.4219 41.0508 42.8233 40.7738 20.0852 42.5206 31.102 32.707 50.8888 97.0554 12.1072 39.5432 32.0936 30.8275 39.1323 65.9362 83.0783 12.9325 39.6032 40.4866 64.9051 107.687 88.9101 71.3349 56.9115 109.368 39.2322 43.6081 63.3232 62.8364 40.9644 57.4964 48.8765 50.0741 50.1481 14.8296 39.788 60.4752 51.2567 11.7296 12.626 83.2837 97.1386 45.2226 97.9294 49.6974 11.726 30.8585 77.2669 49.8322 50.2892 41.0142 44.0984 
45.2281 118.114 155.815 80.879 78.7697 50.9493 44.1446 21.2838 24.715 41.6423 50.3587 78.7755 44.3189 11.1878 21.589 44.4635 40.6735 41.2906 0 49.6731 44.318 12.2848 62.6219 40.0156 50.5717 56.9598 10.6966 58.9477 80.7604 88.5005 122.367 95.5362 119.242 81.4836 6.56379 41.1076 12.7443 42.0337 79.2349 50.0083 118.26 39.8487 12.6095 7.53326 79.383 119.427 30.0472 40.8789 81.4519 72.4971 41.7622 40.3671 81.2794 117.288 44.4194 84.0511 79.8118 43.9251 124.888 119.209 41.1096 50.2759 80.3383 78.475 78.7977 42.9826 13.3822 21.762 40.0187 78.1713 39.1184 79.0854 116.99 50.6055 6.38357 99.8728 20.4919 30.359 78.2938 41.1926 29.77 138.585 69.7657 118.176 30.0652 39.3954 32.2852 40.396 79.9542 40.7543 40.7441 71.0903 79.1618 49.2587 41.2836 78.256 78.914 79.2217 40.651 78.1148 85.0911 83.6202 81.3127 42.8369 20.9543 40.9563 78.8902 79.0938 12.5433 78.1489 49.97 59.732 78.4825 79.3788 80.273 56.4816 54.7098 44.2879 128.313 10.7083 80.9573 44.713 13.1719 79.0264 118.579 44.7595 118.466 44.1937 55.4722 88.0047 45.9882 78.2187 97.2814 49.3997 78.5488 11.7509 78.2666 39.6453 56.8719 118.255 80.9316 56.9934 41.7323 117.165 79.6398 13.3697 78.111 118.572 8.17517 50.6203 8.7178 49.3153 51.0114 44.9277 44.7949 56.4513 62.3445 45.1581 11.7651 44.754 44.4222 14.1833 89.3434 43.8824 39.8936 78.569 20.994 88.8834 119.521 121.247 50.3322 84.2333 106.653 12.7312 30.1993 39.6915 39.6579 6.80074 84.5187 20.8147 81.0766 80.8723 39.7848 78.5552 63.3706 24.5866 43.6816 43.7255 44.3725 79.1712 78.9836 79.8572 81.2717 42.1614 44.9259 40.0604 22.6679 22.8145 80.2346 83.0813 
49.398 127.298 166.154 83.9097 87.6066 44.6272 78.9008 31.0644 31.0779 70.8396 44.6449 87.8948 50.1913 59.0741 30.5955 50.4851 71.0868 71.6624 49.6731 0 49.6697 39.9249 39.5495 63.0417 44.5281 41.8639 40.4928 13.6626 84.1804 79.5147 119.644 80.7537 121.342 84.3514 49.8514 56.064 40.2958 71.0886 45.1488 45.2208 124.043 62.8205 39.9218 49.3964 87.7606 121.17 21.2995 56.0179 83.864 41.9474 56.0662 55.6065 84.2373 127.28 49.4739 81.0715 87.8853 79.0285 118.621 89.3644 56.055 44.3029 88.7248 92.7586 98.0451 56.2005 40.5298 30.326 63.2772 92.1091 62.847 88.0738 130.495 44.5748 50.0292 80.3969 31.7254 20.9026 92.4585 71.1161 22.1998 121.39 21.5232 135.158 23.029 13.7568 20.8966 12.295 88.2279 63.393 62.8815 41.6063 87.7686 44.0681 56.0535 92.1498 87.9867 87.8934 71.0452 92.0521 82.2314 110.553 83.9678 56.1501 68.7732 63.3219 92.6476 87.6736 59.4601 92.572 44.9036 12.0692 97.8234 88.4105 103.515 40.941 41.0812 57.3098 118.832 40.3061 83.9037 49.3795 39.8842 98.0408 123.99 79.805 123.953 49.7443 96.0616 79.6837 49.6806 92.4851 56.7788 9.18332 97.667 49.5488 92.0715 63.1592 41.7073 123.797 84.3361 41.336 70.8902 130.736 45.1562 59.984 92.2207 135.316 49.8489 44.6412 50.2544 87.6993 44.8553 50.3314 49.2392 41.512 39.3362 79.6278 59.2164 49.532 49.7946 59.9833 79.8947 49.0527 63.316 98.0102 68.9251 80.0625 89.3192 119.621 11.8673 81.2701 63.9668 59.6818 78.4517 13.3729 14.3469 49.5833 81.4923 31.6649 84.1427 84.0456 62.8537 97.6678 39.7345 31.6504 79.0422 78.7168 49.2849 31.0349 87.7938 32.5653 84.6 71.3559 50.3173 70.68 31.7372 31.1314 103.592 110.042 
9.95406 82.5101 121.6 40.0884 40.9959 15.0555 39.9291 39.6211 41.3924 30.9597 13.626 41.6063 9.10128 49.29 39.789 8.14453 30.6254 31.7398 44.318 49.6697 0 40.8013 83.157 21.2053 14.9388 22.6329 40.832 55.8107 40.1487 45.7475 81.1531 53.2963 79.4974 40.3165 44.3744 12.052 40.8962 31.0805 49.8899 13.4226 80.2408 20.5426 41.2422 44.3875 41.4216 79.7642 40.74 11.7651 41.2199 41.3511 13.6931 78.4586 40.7789 81.742 6.78233 41.3179 42.3665 39.9635 82.612 80.7207 11.9965 13.0416 42.9224 44.9064 50.1149 14.8913 40.7993 39.7303 21.4437 44.364 79.9911 41.1805 84.1625 15.4866 44.5552 58.4273 39.95 40.9125 45.2953 30.5587 40.7932 95.6317 63.7593 88.1911 41.2967 44.1824 42.1713 44.4981 42.1604 21.8804 21.5484 40.0593 41.3965 78.5753 12.1175 44.7269 41.5261 41.5351 30.4713 44.6104 42.8311 63.9173 40.3825 16.7407 55.6088 21.7121 45.4789 41.8937 49.3314 44.5917 13.5616 56.2576 49.8205 41.9643 55.9628 21.7294 80.012 18.7927 85.341 41.066 40.3103 9.51315 40.8942 50.1788 80.8125 41.3138 80.5279 7.23418 59.5875 44.7037 12.2406 44.8581 69.7973 49.4604 49.6471 44.6075 44.644 20.5973 22.2654 80.6355 40.2761 23.7153 31.0322 84.2091 50.0167 49.7008 44.754 88.4553 44.4222 15.1135 44.3565 50.0666 16.2839 9.56121 7.20532 22.0737 82.9935 40.8371 49.2011 7.22842 7.28583 49.8305 46.56 77.6971 21.4651 50.0108 55.7868 45.893 80.9125 80.0661 49.8021 41.5682 79.976 49.5564 63.0086 44.5496 44.4353 44.0851 41.8848 39.9124 40.1663 40.3061 20.9821 49.715 30.6635 40.8789 40.3123 39.7859 77.8444 71.3688 41.1309 72.5976 40.8768 31.102 7.60482 83.0482 40.2792 40.3598 55.8629 63.3555 
41.3884 117.874 156.596 78.9541 78.2602 44.9518 48.816 11.7047 15.5188 44.0615 44.4813 78.4166 40.8687 20.7666 11.2546 41.0102 44.2709 44.6113 12.2848 39.9249 40.8013 0 55.2796 40.6233 44.7977 49.97 7.43303 48.9728 79.0807 84.4423 119.905 89.8313 117.876 79.2354 11.3944 39.4757 5.70088 44.1928 71.1255 44.2775 117.403 40.4887 5.79511 11.4237 78.3161 118.009 20.3265 39.3859 79.4135 63.9459 39.539 39.2683 79.1144 117.483 40.693 80.9367 78.5971 48.9183 121.844 112.063 39.4303 44.5365 78.9984 78.7782 80.4793 40.3702 6.73919 12.0208 40.6325 78.5499 40.2316 78.4474 118.119 44.949 12.79 93.9685 12.1792 20.2834 78.8453 44.1201 20.8087 133.435 59.6364 120.036 21.5909 29.7195 22.5204 30.3754 78.5828 40.8758 40.9145 63.1229 78.2166 43.9299 39.3997 78.7104 78.3209 78.4193 44.2559 78.5997 81.5741 87.1546 79.077 40.9603 29.6999 41.1886 78.9763 78.3613 20.6377 78.7147 44.3396 49.6857 80.3917 78.4804 82.9056 49.5883 48.4983 41.6473 124.735 6.31137 78.9921 41.2755 6.27827 80.486 117.689 49.8581 117.593 40.9196 62.5287 84.1373 41.5371 78.6607 88.3129 39.4504 80.2465 12.816 78.6416 40.6263 49.7879 117.568 79.1444 50.2303 44.0833 118.204 71.0346 21.8289 78.6871 120.16 11.3321 44.8711 11.9338 55.584 45.0453 40.9033 41.002 49.7485 55.1097 49.521 20.3245 40.7799 40.5709 21.531 84.816 40.3309 40.5761 80.5486 29.9611 84.3934 112.142 119.382 39.9948 81.0386 97.5598 21.3131 39.5538 30.1413 30.0597 10.8934 81.2388 11.7651 78.9831 78.9989 40.3258 80.2029 55.9464 14.4511 49.0968 48.7758 40.4393 69.1375 78.2996 70.3 79.2286 44.4128 40.8748 43.9659 12.7867 12.53 82.9789 86.8341 
82.7954 161.795 200.72 119.929 122.34 80.5559 102.357 49.569 49.3314 96.6006 80.3176 122.562 83.3971 69.9702 49.0671 83.5284 96.8379 97.1708 62.6219 39.5495 83.157 55.2796 0 91.2236 80.5145 78.7887 55.7053 41.3783 120.158 117.424 156.695 118.22 157.839 120.166 62.5407 86.8356 55.479 96.7893 81.4289 80.5864 159.554 91.2602 55.373 62.1296 122.376 157.728 44.0435 86.9281 119.949 79.3389 86.8418 39.3986 120.135 161.912 83.0738 118.23 122.467 102.48 156.179 124.866 86.8528 80.2968 123.047 125.756 129.514 86.8763 55.6717 48.9353 91.4709 125.334 48.8842 122.55 164.232 80.5202 62.8059 118.077 49.8598 43.8653 125.591 96.8431 44.6803 158.644 44.4241 167.734 45.2373 41.4287 44.1078 40.9013 122.586 91.5005 91.2131 79.3148 122.413 21.2466 86.8787 125.281 122.632 122.59 96.7458 125.393 118.904 138.725 120.015 86.6809 78.0224 91.2369 125.561 122.332 70.2335 125.699 80.5792 40.7216 129.351 122.845 133.426 78.6442 13.6168 87.4676 156.395 55.6552 119.957 82.8643 55.0969 129.554 159.575 103.108 159.534 83.2416 115.658 117.395 83.1239 125.658 88.1656 40.2585 129.241 62.0262 125.227 91.403 78.9034 159.493 120.152 79.0021 96.4655 164.383 81.328 70.6417 125.406 167.822 62.6052 80.4964 62.8497 109.075 80.3617 83.5075 82.7828 79.0685 6.245 102.926 70.1213 82.9483 83.2646 70.6087 117.517 29.9861 91.3802 129.521 78.1857 117.567 124.713 156.725 40.1684 118.266 93.3653 70.4231 86.4957 41.4075 41.3532 62.3759 118.477 49.8046 120.059 120.1 91.1039 129.223 78.1633 49.4697 102.55 102.281 29.8664 49.5513 122.471 51.2494 120.376 96.8603 83.3757 58.7424 49.5118 49.2307 133.491 138.27 
21.806 79.4465 118.317 44.8107 41.339 31.3661 20.443 44.4803 45.1027 11.5434 30.3631 42.0397 20.7906 40.9664 43.7588 20.9821 13.0894 14.6173 40.0156 63.0417 21.2053 40.6233 91.2236 0 31.1087 40.0739 41.0386 70.3414 44.8841 56.9334 85.5925 66.0871 81.823 44.8767 39.4557 10.9468 40.4578 13.2508 69.1815 29.9958 79.8493 6.78847 41.1258 39.5105 41.1835 82.0579 48.9711 11.8357 45.3505 60.0632 12.1724 77.8749 44.7214 79.1354 20.9364 50.1207 41.4729 21.0851 89.3294 97.8336 11.7898 30.4781 42.1258 40.1902 41.5732 13.3479 40.6017 44.1352 6.55744 39.6569 77.2151 41.3169 79.1775 31.3395 39.9322 72.7816 44.1635 48.8484 40.1082 12.5963 49.2604 106.794 79.2927 81.1916 49.9466 55.5105 49.8498 55.892 41.6073 7.63217 7.3428 59.2945 41.0244 82.9563 11.7898 39.7649 41.4297 41.9305 12.7704 40.0489 50.6672 50.4075 44.8776 15.2807 43.927 7.67029 39.927 41.3491 40.7625 40.1611 30.3342 70.9577 41.6493 41.6133 44.1852 40.2978 86.3211 15.5697 93.9468 41.0132 44.8274 22.0416 40.5062 41.6453 80.386 23.5106 80.1821 21.9127 40.5894 56.4653 21.9754 40.0187 88.7158 62.8861 40.8758 39.4007 40.0219 6.16441 40.1393 80.1977 44.6234 41.3027 11.5181 79.4219 69.0248 41.333 40.1891 81.2922 39.3563 31.3183 39.6852 31.2916 31.1247 20.8327 21.1049 40.8432 91.3026 22.243 40.7001 20.4736 20.7545 41.1511 57.4304 79.6157 5.67891 41.7692 44.139 56.4904 98.0506 84.8882 62.7057 49.8314 99.0883 40.9909 49.4655 55.9643 55.2487 39.2566 50.4843 44.1484 44.5459 44.899 6.07591 40.9196 49.7519 44.4475 21.5039 20.6236 79.7135 87.6717 41.7153 89.029 45.0333 12.7704 20.9026 78.0539 43.8473 43.9631 44.318 49.4941 
13.8774 84.8975 124.537 41.9444 45.5668 6.32456 50.4893 42.1288 41.1096 40.3588 6.60177 46.4776 15.5858 56.8353 41.3904 17.2988 41.7742 42.5891 50.5717 44.5281 14.9388 44.7977 80.5145 31.1087 0 13.5769 45.8712 49.8473 42.5255 41.841 79.5545 47.2096 80.4301 42.3094 50.4983 22.8327 45.0231 40.8514 40.9746 10.6888 82.0752 30.7815 44.9537 50.0874 45.0046 80.1618 40.6817 21.9507 41.2452 30.9112 21.6929 80.5052 42.0367 85.1592 14.2945 40.4341 44.9166 50.7461 80.6107 72.4759 21.9165 6.87992 46.2556 51.018 57.4891 21.5677 45.1811 41.6153 31.293 50.0533 83.6431 46.2934 88.319 6.3901 50.9779 51.0384 42.6077 40.1922 50.6343 41.3098 41.4095 90.1517 56.0818 93.5356 42.1841 41.7862 39.6674 41.6203 45.6554 31.0242 30.3754 31.0846 45.1866 77.9043 22.4258 50.2676 46.0272 45.5942 41.7582 49.94 41.7403 72.5775 41.7153 22.6256 63.6952 31.5529 50.603 45.3762 56.8412 50.9616 7.41058 49.8247 57.4485 46.3663 63.6671 12.6458 78.8184 23.2522 83.0396 45.533 41.512 14.5945 45.0148 57.0161 81.8596 52.3299 81.9131 15.3677 70.2027 42.5793 12.682 50.7617 60.2889 44.8637 56.8902 49.8071 50.1772 31.7648 13.2696 81.746 42.7688 12.6984 40.5123 88.6284 40.5494 57.6809 50.6935 93.4019 50.114 6.733 50.6047 60.9111 8.22598 14.428 13.326 14.3003 80.4767 51.4903 56.6458 12.8873 14.277 57.3273 42.1357 78.5016 31.7923 57.8043 63.8977 41.8649 72.3786 80.1353 45.0731 40.7962 69.8206 57.1285 71.7943 41.7313 41.8838 50.1597 40.8422 42.5049 42.1634 42.4028 30.8504 56.7671 21.6217 41.3894 50.8839 50.4934 78.5568 63.6003 45.8267 64.7592 43.0126 41.2381 15.5644 87.7539 41.836 41.4005 64.1418 71.9878 
