0 126.755 63.9192 36.0255 63.3857 63.3528 190.143 31.9139 63.6121 31.9505 95.0557 63.4665 31.9648 63.6376 63.5341 63.3528 63.3851 32.1209 31.7857 126.71 63.5682 95.1162 63.5276 95.0868 63.4107 63.4015 31.7464 126.694 126.802 126.718 95.1078 63.6409 31.9414 31.88 126.735 190.07 63.4902 63.6697 32.0559 32.2865 95.1477 380.058 31.8146 95.2505 63.6036 63.4672 2.95804 126.775 126.9 135.497 32.2167 158.528 31.987 63.5184 63.4606 318.05 95.0224 63.5289 95.24 95.0294 31.8551 95.1363 31.7162 97.1545 31.8421 63.6684 63.4902 158.5 95.2934 126.692 63.4041 63.4304 63.4626 63.7057 95.2033 126.772 63.5039 126.595 95.0675 152.716 285.119 95.2457 63.4731 127.001 158.514 63.561 126.715 31.8852 4.12311 32.0039 128.704 31.7477 63.4508 63.3726 63.5197 3.48807 253.326 79.1086 31.7516 32.2929 611.698 668.146 695.602 641.702 639.822 613.621 605.289 581.547 581.841 606.9 613.535 639.749 611.606 577.188 581.587 611.542 606.703 606.72 578.559 586.616 611.619 580.061 556.052 608.37 613.586 615.36 579.956 588.374 641.688 645.756 674.25 648.225 671.876 641.803 578.553 609.924 580.059 606.918 621.123 613.429 669.967 608.386 580.057 578.598 639.966 671.917 583.109 609.977 641.876 619.385 610.048 550.215 641.782 667.859 611.623 643.696 640.047 605.261 676.249 656.809 609.991 613.523 640.07 638.062 636.302 610.175 580.087 581.603 608.379 638.073 548.914 639.809 665.91 613.553 578.525 650.097 581.462 583.156 638.085 606.788 583.033 683.389 590.528 664.058 583.015 584.77 583.388 584.862 640.016 608.462 608.502 619.126 639.911 553.067 609.963 638.08 639.821 639.908 606.697 638.091 
126.755 0 65.5267 98.0013 65.6785 65.5153 67.4586 96.6838 65.3867 96.6234 33.7392 65.4631 96.6225 65.4599 65.4879 65.5865 65.6004 96.5695 96.6372 5.19615 65.4287 33.5323 65.5947 33.4365 65.5915 65.5235 96.6333 4.68152 3.78594 3.61709 33.4502 65.6131 96.7044 96.6411 4.81318 67.4957 65.4605 65.4707 96.6467 96.5962 33.4788 269.297 96.648 33.4128 65.4714 65.4936 126.79 5.99305 5.75905 42.4235 96.6463 34.1687 96.5941 65.5629 65.4955 202.844 33.6316 65.568 33.3954 33.582 96.6238 33.3991 96.6833 37.7304 96.7824 65.6442 65.4173 33.9534 33.4427 5.49242 65.6385 65.6201 65.5095 65.4523 33.3941 4.37798 65.4408 8.00521 33.3941 153.391 168.38 33.5832 65.9457 6.80074 33.9902 65.4631 3.90512 96.6075 126.884 96.6665 17.3133 96.6695 65.575 65.8331 65.4204 126.777 134.687 149.4 96.6885 96.654 524.759 586.952 617.255 556.636 555.714 525.761 522.444 492.734 493.081 523.004 525.661 555.63 524.652 491.479 492.782 524.578 522.776 522.796 491.78 495.011 524.667 492.257 462.549 523.419 525.721 526.568 492.133 495.892 556.619 558.876 590.222 560.534 588.727 556.752 491.773 523.952 492.254 523.025 529.747 525.537 587.78 523.438 492.252 491.827 555.88 588.774 493.321 524.013 556.836 528.881 524.096 460.615 556.727 586.626 524.672 557.708 555.973 522.413 591.309 565.88 524.03 525.646 555.999 554.95 554.204 524.243 492.287 492.8 523.43 554.962 460.374 555.699 585.67 525.681 491.741 561.526 492.634 493.377 554.975 522.874 493.231 595.988 497.265 584.845 493.21 494.047 493.651 494.155 555.938 523.526 523.573 528.578 555.816 461.46 523.997 554.97 555.712 555.813 522.768 554.983 
63.9192 65.5267 0 36.9324 9.36305 7.82091 130.762 33.2891 4.68152 32.8938 33.8489 6.78847 33.1738 4.62781 7.06517 8.78446 8.87412 32.744 33.165 65.7882 5.48483 33.6316 8.28151 33.3604 8.86002 8.52936 33.2315 65.7882 65.5814 65.6011 33.2816 8.19553 33.4153 33.244 65.6284 130.749 6.93421 5.17204 33.0139 32.7045 33.3429 326.816 33.3167 32.9039 5.33854 6.76387 64.0306 65.9324 65.6474 78.3363 33.0618 98.2191 32.8646 8.01561 7.24569 262.57 33.7565 7.42743 33.1838 33.7491 33.1009 33.4215 33.3891 38.151 33.7947 7.74059 6.52559 98.0969 32.8316 65.8236 9.59601 9.41187 7.81558 4.14327 33.1449 65.6785 5.62731 66.1135 33.4739 138.97 228.809 33.6068 11.7651 65.6899 98.0939 6.60808 65.7647 33.0857 64.2638 33.2365 68.2343 33.3517 8.29659 10.4163 6.17117 64.0267 196.175 101.687 33.4515 33.0316 570.564 629.929 658.837 601.53 600.127 572.027 566.179 539.449 539.766 567.271 571.935 600.049 570.465 536.617 539.493 570.397 567.06 567.078 537.463 543.134 570.478 538.46 511.6 568.22 571.99 573.303 538.347 544.455 601.515 604.676 634.616 606.735 632.685 601.637 537.457 569.27 538.458 567.29 577.774 571.821 631.256 568.238 538.456 537.506 600.281 632.728 540.53 569.326 601.715 576.47 569.402 507.681 601.614 629.626 570.483 603.063 600.367 566.15 636.158 613.686 569.342 571.922 600.391 598.862 597.606 569.538 538.488 539.509 568.23 598.874 506.899 600.113 628.172 571.954 537.427 608.166 539.358 540.58 598.886 567.15 540.447 642.053 546.215 626.832 540.428 541.727 540.83 541.826 600.334 568.319 568.362 576.192 600.221 509.549 569.311 598.881 600.126 600.219 567.053 598.893 
36.0255 98.0013 36.9324 0 36.1052 36.2744 161.833 16.4418 36.5787 16.7581 66.4336 36.2549 16.4949 36.4577 36.1455 36.2422 36.2652 16.7606 16.9165 97.8788 36.4486 66.4317 36.1329 66.4511 36.3135 36.2698 16.8077 97.994 97.9511 98.0123 66.3984 36.21 16.4165 16.5278 98.0081 161.76 36.1582 36.7151 16.6758 16.8053 66.4147 354.309 16.7432 66.6577 36.2985 36.2664 36.0208 98.0332 98.017 101.665 16.4418 129.826 17.0685 36.0855 36.468 290.81 66.5313 36.1951 66.5507 66.4693 17.088 66.5056 16.973 64.9942 17.2458 36.3238 36.3341 129.87 66.747 97.9549 36.2997 36.2146 36.2227 36.6458 66.5006 97.9974 36.3524 97.9511 66.4605 127.587 257.976 66.5614 36.706 98.1466 129.897 36.2572 97.9081 16.7008 36.2974 16.3529 97.3439 17.0416 36.1571 36.2893 36.3398 35.9258 225.834 71.4545 16.8226 16.5881 593.898 651.95 680.196 624.284 622.82 595.402 589.226 563.377 563.681 590.4 595.313 622.745 593.804 560.355 563.419 593.738 590.198 590.215 561.276 567.15 593.816 562.334 536.193 591.431 595.366 596.718 562.226 568.482 624.269 627.52 656.836 629.597 654.858 624.387 561.27 592.551 562.332 590.418 601.244 595.204 653.357 591.448 562.33 561.317 622.968 654.899 564.5 592.605 624.462 599.922 592.678 532.155 624.365 651.657 593.821 625.867 623.051 589.198 658.433 636.599 592.62 595.3 623.075 621.482 620.146 592.808 562.361 563.434 591.441 621.493 531.315 622.807 650.12 595.331 561.242 631.061 563.29 564.549 621.505 590.284 564.422 664.41 570.228 648.687 564.403 565.729 564.788 565.823 623.02 591.526 591.567 599.655 622.911 534.101 592.591 621.5 622.819 622.909 590.191 621.512 
63.3857 65.6785 9.36305 36.1052 0 4.45346 131.017 32.3123 7.02377 32.4615 32.9861 4.81318 32.3058 7.19375 4.32049 3.10913 3.60555 32.4371 32.4756 65.5184 6.55744 33.0429 4.1332 33.175 4.60977 4.06202 32.329 65.5973 65.6779 65.6563 33.0341 5.48483 32.3123 32.2477 65.7109 130.929 4.41588 7.97914 32.4731 32.5986 33.1021 326.822 32.2762 33.6823 5.81664 5.44671 63.3726 65.7514 65.8451 78.8342 32.4859 98.3929 32.6228 4.24264 5.83095 262.566 33.0719 5.43906 33.439 32.9102 32.5346 33.1788 32.396 36.9989 32.5192 5.90903 5.46961 98.4005 33.7861 65.589 3.74166 3.13581 3.97911 7.8793 33.3167 65.6893 5.95119 65.5095 33.0164 138.697 228.913 33.3841 6.31796 66.089 98.4568 5.20416 65.528 32.3728 63.5059 32.2929 68.0257 32.414 4.08248 3.51188 5.83095 63.3364 196.134 101.302 32.3265 32.5474 570.455 629.831 658.743 601.427 600.024 571.919 566.069 539.334 539.651 567.161 571.827 599.946 570.356 536.502 539.378 570.288 566.951 566.969 537.347 543.02 570.37 538.345 511.479 568.111 571.882 573.195 538.232 544.341 601.411 604.573 634.518 606.633 632.587 601.534 537.341 569.161 538.343 567.18 577.666 571.713 631.157 568.129 538.341 537.39 600.177 632.63 540.415 569.217 601.612 576.363 569.293 507.559 601.511 629.527 570.374 602.96 600.264 566.04 636.061 613.585 569.233 571.813 600.288 598.759 597.502 569.429 538.373 539.394 568.121 598.77 506.777 600.01 628.073 571.845 537.312 608.064 539.243 540.465 598.782 567.041 540.333 641.957 546.102 626.733 540.314 541.613 540.716 541.712 600.231 568.21 568.252 576.085 600.118 509.427 569.203 598.777 600.022 600.116 566.944 598.789 
63.3528 65.5153 7.82091 36.2744 4.45346 0 130.899 32.4423 4.83908 32.4474 32.9798 3.937 32.3934 5.28362 4.92443 3.48807 3.2914 32.5051 32.2581 65.521 4.88194 33.0379 5.33073 32.9444 2.98608 3.3665 32.249 65.4351 65.5954 65.4682 33.0202 6.18466 32.5051 32.396 65.5261 130.826 4.32049 5.71548 32.5589 32.6688 33.0996 326.812 32.3509 33.2816 5.50757 3.92641 63.3838 65.5553 65.7654 78.711 32.6113 98.3349 32.3934 4.83908 3.82971 262.541 32.8722 4.63681 33.2415 32.8874 32.3149 32.9987 32.3149 37.1663 32.4705 6.80686 3.51188 98.287 33.3791 65.4631 3.96863 4.30116 4.49073 6.18466 33.1889 65.5655 4.05175 65.4414 32.8963 138.686 228.862 33.3029 6.06218 65.9147 98.2967 5.058 65.4656 32.2852 63.5085 32.5115 67.9706 32.2929 4.4441 5.19615 3.81881 63.4081 196.068 101.323 32.2929 32.6879 570.455 629.831 658.743 601.427 600.024 571.919 566.07 539.334 539.652 567.162 571.827 599.946 570.357 536.502 539.378 570.288 566.951 566.969 537.348 543.02 570.37 538.346 511.479 568.111 571.882 573.195 538.232 544.342 601.412 604.574 634.518 606.633 632.587 601.534 537.342 569.161 538.343 567.18 577.667 571.713 631.158 568.129 538.341 537.39 600.178 632.63 540.415 569.217 601.612 576.363 569.294 507.56 601.512 629.527 570.375 602.961 600.264 566.041 636.061 613.585 569.233 571.813 600.288 598.759 597.502 569.429 538.373 539.394 568.121 598.77 506.777 600.01 628.073 571.846 537.312 608.064 539.243 540.466 598.783 567.041 540.333 641.957 546.102 626.733 540.314 541.613 540.716 541.712 600.231 568.21 568.253 576.085 600.118 509.427 569.203 598.778 600.022 600.116 566.944 598.79 
190.143 67.4586 130.762 161.833 131.017 130.899 0 161.075 130.762 161.009 99.8966 130.848 161.008 130.798 130.843 130.965 130.983 160.955 161.025 67.7268 130.757 99.7422 130.916 99.6983 130.963 130.918 161.04 67.7243 67.4926 67.5931 99.6724 130.901 161.088 161.041 67.5962 6.2849 130.82 130.781 161.022 160.943 99.6908 207.784 161.056 99.5879 130.826 130.862 190.182 67.7907 67.5586 79.4638 160.99 34.8162 160.97 130.899 130.85 139.294 99.8449 130.905 99.6356 99.8428 161.014 99.6699 161.08 101.315 161.15 130.942 130.802 34.5579 99.5837 67.7913 131.003 130.997 130.895 130.765 99.6101 67.5981 130.794 68.1536 99.7301 190.735 103.962 99.6791 131.178 67.5364 34.4129 130.804 67.6061 161.01 190.246 161.032 69.7358 161.065 130.941 131.12 130.798 190.166 69.6264 205.943 161.09 160.985 474.911 539.815 571.447 507.618 507.194 475.433 474.784 442.062 442.449 474.781 475.322 507.102 474.792 442.497 442.115 474.71 474.53 474.552 442.212 442.854 474.808 442.132 409.541 474.628 475.388 475.75 441.995 443.275 507.599 508.927 541.631 510.168 540.577 507.745 442.205 474.613 442.129 474.804 477.598 475.185 540.127 474.649 442.127 442.264 507.376 540.628 442.124 474.681 507.837 477.184 474.772 409.744 507.718 539.461 474.814 508.215 507.478 474.749 542.253 513.91 474.699 475.306 507.507 506.953 506.741 474.935 442.166 442.135 474.64 506.967 410.093 507.178 539.019 475.345 442.169 510.722 441.951 442.186 506.981 474.638 442.024 545.716 444.255 538.728 442 442.351 442.491 442.469 507.439 474.746 474.797 476.851 507.306 409.484 474.663 506.975 507.192 507.303 474.522 506.989 
31.9139 96.6838 33.2891 16.4418 32.3123 32.4423 161.075 0 32.8532 3.2532 64.4017 32.405 3.86221 32.7185 32.4204 32.3393 32.3419 5.13971 4.89898 96.5488 32.6471 64.4935 32.3587 64.4645 32.4743 32.4538 3.5473 96.6299 96.6691 96.6605 64.5013 32.5807 2.76887 2.76887 96.67 160.979 32.4538 33.0505 3.61709 5.79511 64.4845 353.958 3.68556 64.7193 32.5423 32.3908 31.8957 96.7135 96.7867 106.75 4.72582 128.877 5.30723 32.3535 32.6701 290.818 64.4664 32.3921 64.6362 64.4166 5.14782 64.6052 4.31084 66.9726 5.17204 32.6177 32.5947 128.883 64.81 96.5643 32.4088 32.3406 32.3934 32.9254 64.5923 96.6506 32.5231 96.5708 64.4535 142.415 257.519 64.7244 32.763 96.933 128.924 32.6011 96.6148 4.05175 32.1598 3.20156 98.6509 4.51848 32.2762 32.4461 32.5883 31.8656 225.246 85.2267 3.79693 5.27573 591.676 649.6 677.791 622.17 620.528 593.368 586.276 561.033 561.338 587.628 593.28 620.453 591.581 557.434 561.075 591.514 587.425 587.443 558.544 565.411 591.593 559.795 534.353 588.839 593.333 594.876 559.686 566.95 622.155 625.768 654.993 628.031 652.843 622.274 558.538 590.142 559.793 587.647 599.991 593.17 651.173 588.856 559.791 558.585 620.677 652.884 562.355 590.196 622.348 598.471 590.27 529.471 622.252 649.305 591.598 623.933 620.761 586.248 656.764 635.793 590.211 593.267 620.784 619.016 617.508 590.4 559.822 561.091 588.849 619.027 528.428 620.515 647.604 593.298 558.51 629.682 560.946 562.404 619.039 587.512 562.276 663.277 568.906 646.009 562.258 563.785 562.644 563.88 620.729 588.934 588.975 598.203 620.62 531.833 590.182 619.034 620.527 620.617 587.418 619.046 
63.6121 65.3867 4.68152 36.5787 7.02377 4.83908 130.762 32.8532 0 32.5986 33.3367 4.47214 32.6803 3.74166 5.34634 6.37704 6.23164 32.4769 32.619 65.6068 3.85141 33.1813 6.60177 33.0265 5.94418 5.72276 32.6509 65.4975 65.4987 65.4395 33.0151 6.73919 32.9431 32.7541 65.4777 130.727 5.09902 3.98957 32.7198 32.5538 33.1071 326.799 32.7618 32.9495 4.77842 4.72582 63.6815 65.6246 65.6303 78.4384 32.7541 98.2259 32.491 6.27827 4.58258 262.526 33.1738 5.86657 32.9722 33.1951 32.5461 33.0101 32.7796 37.5832 33.0883 6.91616 3.62859 98.1266 32.89 65.5846 6.94622 6.89807 5.46961 3.3665 32.9836 65.5089 3.91578 65.7438 32.9798 138.809 228.802 33.2277 9.3586 65.7292 98.1432 4.81318 65.5045 32.5141 63.8794 32.8431 68.0153 32.7261 6.32456 8.0829 3.48807 63.6998 196.084 101.493 32.8139 32.7783 570.514 629.884 658.793 601.482 600.079 571.977 566.128 539.396 539.713 567.22 571.885 600.002 570.415 536.564 539.44 570.346 567.01 567.028 537.41 543.081 570.428 538.407 511.544 568.17 571.94 573.253 538.294 544.403 601.467 604.629 634.571 606.688 632.64 601.59 537.403 569.219 538.405 567.239 577.724 571.771 631.21 568.187 538.403 537.452 600.233 632.683 540.477 569.276 601.667 576.421 569.352 507.625 601.567 629.58 570.433 603.016 600.319 566.099 636.113 613.639 569.291 571.872 600.344 598.814 597.558 569.488 538.435 539.456 568.18 598.826 506.843 600.065 628.126 571.904 537.374 608.119 539.305 540.527 598.838 567.1 540.394 642.009 546.163 626.786 540.375 541.674 540.777 541.773 600.287 568.268 568.311 576.143 600.174 509.492 569.261 598.833 600.078 600.171 567.003 598.845 
31.9505 96.6234 32.8938 16.7581 32.4615 32.4474 161.009 3.2532 32.5986 0 64.4561 32.2916 4.32049 32.5384 32.3509 32.4256 32.432 4.60072 5.06623 96.5527 32.4564 64.4981 32.3998 64.4477 32.5538 32.5128 3.74166 96.604 96.6286 96.6083 64.4864 32.5756 4.03113 3.62859 96.629 160.946 32.4615 32.8101 2.72336 4.8734 64.4612 353.951 4.33974 64.611 32.4243 32.2839 31.9831 96.7402 96.7419 106.661 4.83908 128.847 4.50925 32.4281 32.5858 290.806 64.4735 32.4564 64.591 64.4535 4.59166 64.6052 4.66369 67.0448 5.66422 32.5384 32.5436 128.804 64.6619 96.5613 32.5282 32.4718 32.3509 32.5947 64.5304 96.6083 32.3703 96.6053 64.4321 142.438 257.5 64.7309 32.9532 96.8917 128.852 32.5141 96.6152 4.1332 32.2645 3.91578 98.6463 4.57347 32.3548 32.5692 32.5256 31.9857 225.233 85.2692 4.49073 5.00833 591.689 649.612 677.803 622.182 620.541 593.382 586.29 561.047 561.352 587.642 593.293 620.466 591.594 557.448 561.089 591.528 587.438 587.456 558.558 565.425 591.607 559.809 534.368 588.852 593.346 594.889 559.7 566.964 622.168 625.781 655.005 628.043 652.855 622.286 558.552 590.155 559.807 587.66 600.005 593.183 651.185 588.869 559.805 558.599 620.69 652.896 562.369 590.209 622.361 598.484 590.283 529.486 622.264 649.318 591.611 623.946 620.773 586.261 656.776 635.806 590.224 593.28 620.797 619.029 617.521 590.414 559.836 561.105 588.862 619.04 528.443 620.528 647.616 593.311 558.524 629.694 560.96 562.418 619.052 587.525 562.29 663.288 568.92 646.021 562.272 563.799 562.658 563.894 620.741 588.947 588.989 598.216 620.632 531.848 590.195 619.047 620.54 620.63 587.432 619.059 
95.0557 33.7392 33.8489 66.4336 32.9861 32.9798 99.8966 64.4017 33.3367 64.4561 0 32.9216 64.4838 33.3067 32.9848 32.9178 32.7974 64.5691 64.4968 33.4091 33.2328 4.79583 32.9646 4.66369 32.9102 32.9419 64.4276 33.4415 33.6922 33.5547 5.40833 33.16 64.405 64.4186 33.6588 99.7292 32.9583 33.4938 64.4729 64.6207 5.21217 298.577 64.4431 7.46659 33.1562 32.9495 95.0447 33.6737 34.0551 54.4694 64.5626 66.757 64.5497 32.9747 33.1109 233.214 3.52373 32.9608 6.60177 2.78388 64.5149 5.79511 64.4509 17.1148 64.5116 33.2014 33.0895 66.7814 7.82091 33.3317 32.8963 32.8228 32.8798 33.4253 6.31796 33.5845 33.0857 33.5758 3.98957 142.482 199.201 6.95222 33.2277 34.4758 66.8649 33.1172 33.5261 64.4457 95.1223 64.4658 37.4655 64.4664 32.7935 33.2227 33.0857 95.0544 165.882 123.621 64.425 64.5994 548.127 608.926 638.542 579.56 578.396 549.36 544.767 516.543 516.875 545.595 549.265 578.316 548.024 514.49 516.589 547.953 545.376 545.395 515.067 519.531 548.038 515.808 487.521 546.28 549.322 550.404 515.69 520.634 579.544 582.255 612.907 584.114 611.194 579.672 515.061 547.074 515.805 545.615 554.231 549.146 610.005 546.298 515.803 515.112 578.556 611.239 517.38 547.133 579.752 553.145 547.212 484.58 579.648 608.612 548.043 580.864 578.645 544.736 614.222 590.261 547.149 549.251 578.67 577.38 576.377 547.353 515.836 516.606 546.291 577.392 484.065 578.382 607.406 549.284 515.03 585.326 516.448 517.433 577.405 545.47 517.294 619.508 522.2 606.322 517.274 518.344 517.694 518.447 578.611 546.383 546.427 552.856 578.494 485.944 547.117 577.4 578.395 578.492 545.369 577.412 
63.4665 65.4631 6.78847 36.2549 4.81318 3.937 130.848 32.405 4.47214 32.2916 32.9216 0 32.36 4.65475 3.02765 4.20317 4.14327 32.4294 32.4987 65.4344 3.84057 32.914 4.30116 32.8798 4.45346 4.19325 32.3921 65.4421 65.4739 65.4599 32.914 4.97494 32.4397 32.3651 65.5045 130.799 3.98957 5.84523 32.3638 32.4987 32.8988 326.786 32.4628 33.1449 4.07226 2.97209 63.4921 65.5826 65.6538 78.5775 32.5167 98.2124 32.4268 3.937 4.64579 262.506 32.9368 4.33974 33.0164 32.909 32.4256 33.0227 32.5128 37.1641 32.6994 5.44671 3.81881 98.1653 33.214 65.4446 4.53689 4.34933 3.20156 4.91596 32.9634 65.4274 3.13581 65.5521 32.7618 138.715 228.83 33.2453 7.5 65.8325 98.2157 3.95811 65.4332 32.3406 63.6468 32.4461 67.8964 32.5026 3.75278 5.95819 3.80789 63.4698 196.061 101.383 32.4833 32.5384 570.487 629.859 658.77 601.457 600.054 571.95 566.101 539.367 539.685 567.193 571.858 599.976 570.388 536.535 539.411 570.319 566.982 567.001 537.381 543.053 570.401 538.379 511.514 568.143 571.913 573.226 538.266 544.375 601.441 604.603 634.546 606.663 632.615 601.564 537.375 569.192 538.376 567.212 577.698 571.744 631.186 568.16 538.374 537.424 600.207 632.658 540.448 569.249 601.641 576.394 569.325 507.595 601.541 629.556 570.406 602.99 600.294 566.072 636.089 613.614 569.264 571.845 600.318 598.789 597.532 569.461 538.406 539.427 568.153 598.8 506.813 600.04 628.102 571.877 537.345 608.094 539.276 540.499 598.812 567.073 540.366 641.985 546.135 626.761 540.347 541.646 540.749 541.745 600.261 568.241 568.284 576.116 600.148 509.462 569.234 598.807 600.052 600.146 566.976 598.819 
31.9648 96.6225 33.1738 16.4949 32.3058 32.3934 161.008 3.86221 32.6803 4.32049 64.4838 32.36 0 32.679 32.3265 32.369 32.4461 3.82971 4.7697 96.5505 32.5819 64.4173 32.3561 64.4793 32.491 32.3973 3.96863 96.6144 96.6122 96.6441 64.4011 32.4897 3.94757 2.72336 96.6519 160.96 32.3651 32.8836 4.72582 4.48144 64.4496 353.95 4.14327 64.6568 32.5218 32.4602 32.0039 96.6799 96.7174 106.674 4.06202 128.841 4.97494 32.2891 32.6241 290.795 64.4897 32.5038 64.5639 64.4606 4.89898 64.4877 4.83046 66.9614 5.87367 32.6318 32.4666 128.86 64.7354 96.6053 32.4641 32.3947 32.4024 32.8367 64.4955 96.6338 32.482 96.5971 64.4153 142.437 257.479 64.562 32.9242 96.8465 128.893 32.3767 96.5445 3.90512 32.3097 3.05505 98.6433 4.89047 32.3805 32.4397 32.4397 31.8983 225.241 85.2682 4.49073 4.6188 591.689 649.613 677.803 622.183 620.542 593.382 586.29 561.048 561.353 587.642 593.293 620.466 591.594 557.449 561.09 591.528 587.439 587.457 558.559 565.425 591.607 559.81 534.369 588.853 593.347 594.89 559.701 566.965 622.168 625.781 655.006 628.044 652.855 622.287 558.553 590.155 559.807 587.66 600.005 593.184 651.186 588.87 559.806 558.6 620.69 652.897 562.37 590.21 622.362 598.484 590.283 529.486 622.265 649.318 591.612 623.946 620.774 586.262 656.776 635.806 590.225 593.281 620.797 619.029 617.521 590.414 559.836 561.105 588.863 619.041 528.443 620.528 647.617 593.311 558.524 629.695 560.96 562.418 619.052 587.526 562.291 663.289 568.921 646.021 562.272 563.8 562.659 563.895 620.742 588.948 588.989 598.217 620.633 531.849 590.196 619.048 620.54 620.631 587.432 619.059 
63.6376 65.4599 4.62781 36.4577 7.19375 5.28362 130.798 32.7185 3.74166 32.5384 33.3067 4.65475 32.679 0 5.16398 6.62067 6.5192 32.5359 32.6713 65.5725 4.1332 33.1675 5.95819 32.9381 6.12372 6.16441 32.6943 65.5572 65.4777 65.4809 33.0492 6.11692 32.8722 32.7503 65.4949 130.737 5.24404 4.66369 32.6624 32.5564 33.0063 326.783 32.8443 32.8887 3.91578 3.96863 63.6972 65.6208 65.5585 78.4177 32.6509 98.1389 32.5308 5.30723 5.32291 262.528 33.2202 4.60072 32.9558 33.2616 32.6497 33.1197 32.8228 37.6453 33.1512 5.87367 4.50925 98.0973 32.9785 65.561 7.0946 7.07107 6.0208 3.87298 32.9254 65.5083 3.7081 65.773 33.0744 138.823 228.793 33.3029 9.46485 65.6576 98.1109 5.31507 65.5509 32.6394 63.9081 32.7325 68.0441 32.8177 6.0208 8.35165 4.14327 63.6959 196.105 101.508 32.8393 32.707 570.521 629.891 658.8 601.489 600.087 571.985 566.136 539.404 539.721 567.228 571.893 600.009 570.422 536.572 539.448 570.354 567.017 567.035 537.418 543.089 570.436 538.415 511.552 568.177 571.948 573.261 538.302 544.411 601.474 604.636 634.577 606.695 632.647 601.597 537.411 569.227 538.413 567.247 577.732 571.779 631.217 568.195 538.411 537.46 600.24 632.69 540.485 569.283 601.674 576.428 569.36 507.633 601.574 629.587 570.44 603.023 600.327 566.107 636.12 613.646 569.299 571.879 600.351 598.822 597.565 569.495 538.443 539.464 568.188 598.833 506.851 600.073 628.133 571.911 537.382 608.126 539.313 540.535 598.845 567.107 540.402 642.016 546.171 626.793 540.383 541.682 540.785 541.781 600.294 568.276 568.319 576.15 600.181 509.501 569.269 598.84 600.085 600.179 567.01 598.852 
63.5341 65.4879 7.06517 36.1455 4.32049 4.92443 130.843 32.4204 5.34634 32.3509 32.9848 3.02765 32.3265 5.16398 0 4.78714 4.97494 32.3677 32.6305 65.3867 4.41588 32.8291 3.20156 32.9115 5.36967 4.66369 32.5103 65.5089 65.4198 65.5235 32.8062 3.89444 32.4397 32.3574 65.5572 130.814 3.5473 6.53835 32.3574 32.369 32.7859 326.772 32.4897 33.1951 3.87298 3.7081 63.559 65.6487 65.5782 78.526 32.3715 98.1695 32.5384 2.91548 5.50757 262.499 33.0656 4.54606 32.9861 32.9558 32.5628 32.9937 32.6446 37.0866 32.8329 4.51848 4.70815 98.1636 33.2804 65.4905 5.1559 4.51848 3.5 5.41603 32.8557 65.4822 4 65.6227 32.8316 138.744 228.809 33.1499 8.04674 65.7875 98.2213 3.58236 65.4249 32.4294 63.7188 32.3316 67.9074 32.6318 3.76386 5.95819 4.65475 63.502 196.084 101.415 32.6062 32.3896 570.496 629.868 658.778 601.466 600.063 571.96 566.111 539.377 539.695 567.202 571.867 599.985 570.397 536.545 539.421 570.329 566.992 567.01 537.391 543.063 570.411 538.389 511.524 568.152 571.922 573.236 538.275 544.384 601.45 604.612 634.555 606.672 632.624 601.573 537.385 569.202 538.386 567.221 577.707 571.754 631.194 568.17 538.384 537.434 600.216 632.667 540.458 569.258 601.65 576.403 569.335 507.605 601.55 629.564 570.415 602.999 600.303 566.082 636.098 613.623 569.274 571.854 600.327 598.798 597.541 569.47 538.416 539.437 568.162 598.809 506.823 600.049 628.11 571.886 537.355 608.103 539.286 540.509 598.821 567.082 540.376 641.993 546.145 626.77 540.357 541.656 540.759 541.755 600.27 568.251 568.293 576.125 600.157 509.473 569.244 598.816 600.061 600.155 566.985 598.828 
63.3528 65.5865 8.78446 36.2422 3.10913 3.48807 130.965 32.3393 6.37704 32.4256 32.9178 4.20317 32.369 6.62067 4.78714 0 2.78388 32.5205 32.4076 65.4682 5.95119 33.0391 4.69929 33.0631 4.03113 3.3665 32.2787 65.4847 65.6246 65.5432 33.0794 6.04152 32.3368 32.3084 65.6265 130.882 4.33974 7.40495 32.4846 32.6943 33.0996 326.81 32.2619 33.4838 5.68624 4.89898 63.368 65.6658 65.8167 78.7872 32.6177 98.3556 32.5832 4.57347 5.18813 262.543 32.9267 5.17204 33.3642 32.8088 32.4743 33.0681 32.3252 37.0034 32.45 6.35741 4.82183 98.3145 33.6279 65.4873 3.04138 3.17543 3.82971 7.39932 33.2716 65.5903 5.22813 65.4644 32.8925 138.678 228.89 33.3779 5.52268 66.0139 98.3705 5.21217 65.486 32.3432 63.4882 32.405 67.9595 32.3445 3.84057 3.81881 5.09902 63.3502 196.082 101.297 32.2994 32.693 570.449 629.825 658.738 601.421 600.018 571.913 566.063 539.328 539.645 567.155 571.821 599.94 570.35 536.495 539.371 570.282 566.945 566.963 537.341 543.013 570.364 538.339 511.472 568.105 571.876 573.189 538.226 544.335 601.406 604.568 634.513 606.627 632.582 601.528 537.335 569.155 538.336 567.174 577.661 571.707 631.152 568.123 538.334 537.384 600.172 632.625 540.409 569.211 601.606 576.357 569.287 507.552 601.506 629.522 570.368 602.955 600.258 566.034 636.055 613.579 569.227 571.807 600.282 598.753 597.496 569.423 538.366 539.388 568.115 598.764 506.77 600.004 628.068 571.839 537.305 608.059 539.236 540.459 598.777 567.035 540.326 641.952 546.096 626.727 540.307 541.607 540.709 541.705 600.225 568.204 568.246 576.079 600.112 509.42 569.197 598.772 600.016 600.11 566.938 598.784 
63.3851 65.6004 8.87412 36.2652 3.60555 3.2914 130.983 32.3419 6.23164 32.432 32.7974 4.14327 32.4461 6.5192 4.97494 2.78388 0 32.6011 32.3818 65.5013 6.13052 33.0492 4.89047 33.0303 3.02765 3.17543 32.2684 65.4414 65.6474 65.5095 33.1084 6.19139 32.3998 32.3522 65.5846 130.864 4.72582 7.26292 32.5243 32.8062 33.1122 326.811 32.3058 33.5211 5.83095 4.56435 63.3785 65.5979 65.8407 78.8231 32.6917 98.3692 32.5743 4.7697 4.78714 262.544 32.8431 4.78714 33.3741 32.7681 32.4448 33.1298 32.3058 36.982 32.4243 6.44205 4.69929 98.3285 33.6142 65.4434 2.84312 2.69258 3.937 7.22265 33.3217 65.5699 5.25991 65.4313 32.8735 138.663 228.897 33.4253 5.46199 66.0555 98.3819 5.6421 65.4975 32.3329 63.4843 32.4666 67.9454 32.3187 3.71932 4.60072 5.04975 63.4008 196.066 101.307 32.2658 32.7643 570.45 629.827 658.739 601.422 600.019 571.914 566.065 539.329 539.646 567.157 571.822 599.942 570.352 536.497 539.373 570.283 566.946 566.964 537.343 543.015 570.365 538.34 511.474 568.107 571.877 573.19 538.227 544.337 601.407 604.569 634.514 606.629 632.583 601.53 537.336 569.156 538.338 567.176 577.662 571.708 631.153 568.124 538.336 537.385 600.173 632.626 540.41 569.213 601.607 576.358 569.289 507.554 601.507 629.523 570.37 602.956 600.259 566.036 636.057 613.58 569.228 571.809 600.284 598.754 597.498 569.424 538.368 539.389 568.117 598.766 506.772 600.005 628.069 571.841 537.307 608.06 539.238 540.461 598.778 567.036 540.328 641.953 546.097 626.729 540.309 541.608 540.711 541.707 600.227 568.205 568.248 576.08 600.114 509.422 569.198 598.773 600.018 600.111 566.939 598.785 
32.1209 96.5695 32.744 16.7606 32.4371 32.5051 160.955 5.13971 32.4769 4.60072 64.5691 32.4294 3.82971 32.5359 32.3677 32.5205 32.6011 0 5.34634 96.5885 32.5308 64.4968 32.5 64.4968 32.6688 32.5653 4.99166 96.6372 96.5872 96.5898 64.3739 32.5909 5.29937 4.33974 96.6368 160.907 32.396 32.6382 4.85627 3.40343 64.447 353.94 4.94132 64.5542 32.3509 32.5346 32.2206 96.7411 96.6648 106.556 4.48144 128.802 4.67262 32.4833 32.5883 290.796 64.5646 32.6024 64.4994 64.5142 5.24404 64.4858 5.8023 67.0597 7.10634 32.5372 32.4628 128.786 64.5549 96.6605 32.6726 32.5896 32.4153 32.6203 64.4548 96.6458 32.4641 96.6902 64.4535 142.487 257.46 64.5788 33.2816 96.7841 128.815 32.3213 96.5773 4.39697 32.5986 4.74342 98.6619 5.74456 32.5551 32.6599 32.4808 32.1209 225.247 85.3224 5.61991 4.6188 591.71 649.631 677.822 622.203 620.561 593.403 586.311 561.07 561.375 587.663 593.314 620.486 591.615 557.471 561.112 591.549 587.46 587.477 558.581 565.447 591.628 559.832 534.392 588.874 593.367 594.91 559.723 566.986 622.188 625.801 655.024 628.063 652.874 622.306 558.575 590.176 559.829 587.681 600.025 593.205 651.205 588.891 559.827 558.622 620.71 652.916 562.392 590.231 622.381 598.505 590.304 529.51 622.284 649.337 591.632 623.966 620.793 586.283 656.795 635.826 590.245 593.301 620.817 619.049 617.541 590.435 559.858 561.127 588.883 619.06 528.467 620.548 647.636 593.332 558.546 629.714 560.982 562.44 619.072 587.547 562.312 663.307 568.942 646.04 562.294 563.821 562.68 563.916 620.762 588.969 589.01 598.237 620.653 531.872 590.216 619.067 620.56 620.65 587.453 619.079 
31.7857 96.6372 33.165 16.9165 32.4756 32.2581 161.025 4.89898 32.619 5.06623 64.4968 32.4987 4.7697 32.6713 32.6305 32.4076 32.3818 5.34634 0 96.645 32.6216 64.5562 32.6943 64.4774 32.329 32.3509 3.34166 96.5643 96.6863 96.5867 64.5239 32.838 5.28362 4.65475 96.5958 160.937 32.5038 32.6228 5.73004 6.23832 64.5723 353.977 4 64.6516 32.7159 32.4936 31.9544 96.6286 96.7919 106.731 5.86657 128.933 4.20317 32.5998 32.3033 290.829 64.4276 32.5308 64.6465 64.4619 3.1225 64.5155 2.64575 67.0348 4.1833 32.9912 32.3973 128.901 64.7057 96.5984 32.4743 32.5372 32.5653 32.7554 64.6194 96.676 32.4936 96.5047 64.4838 142.402 257.507 64.669 32.6458 96.8883 128.897 32.6216 96.6079 3.937 32.0429 5.3619 98.6868 2.67706 32.5372 32.5743 32.45 32.013 225.224 85.2472 3.4641 6.25833 591.66 649.586 677.778 622.155 620.514 593.353 586.26 561.017 561.322 587.613 593.264 620.438 591.565 557.418 561.059 591.499 587.409 587.427 558.527 565.394 591.578 559.779 534.336 588.823 593.317 594.86 559.67 566.934 622.14 625.754 654.979 628.016 652.828 622.259 558.521 590.126 559.776 587.631 599.976 593.154 651.159 588.84 559.774 558.568 620.662 652.87 562.339 590.18 622.334 598.455 590.254 529.453 622.237 649.291 591.582 623.918 620.746 586.232 656.75 635.779 590.195 593.251 620.769 619.001 617.493 590.385 559.805 561.074 588.833 619.012 528.411 620.5 647.59 593.282 558.493 629.667 560.929 562.387 619.024 587.496 562.26 663.263 568.89 645.994 562.241 563.769 562.628 563.864 620.714 588.918 588.96 598.187 620.605 531.816 590.166 619.019 620.512 620.603 587.403 619.031 
126.71 5.19615 65.7882 97.8788 65.5184 65.521 67.7268 96.5488 65.6068 96.5527 33.4091 65.4344 96.5505 65.5725 65.3867 65.4682 65.5013 96.5885 96.645 0 65.5051 33.3592 65.3848 33.3929 65.5553 65.4943 96.5898 4.97494 4.17333 5.46199 33.4465 65.4555 96.5466 96.5419 6.15088 67.6825 65.4211 65.7134 96.5445 96.5863 33.3467 269.282 96.5777 33.7627 65.4739 65.451 126.719 6.65833 6.11692 42.7288 96.5535 34.176 96.6389 65.3962 65.5814 202.843 33.5187 65.4656 33.5994 33.4103 96.6338 33.4938 96.6307 37.3698 96.6851 65.4892 65.521 34.215 33.8957 4.04145 65.5153 65.4669 65.4141 65.6201 33.4602 4.70815 65.4835 6.93421 33.3579 153.347 168.425 33.6762 65.7356 7.86871 34.3717 65.4459 3.95811 96.5712 126.79 96.5324 17.1148 96.6307 65.4045 65.6417 65.5159 126.696 134.697 149.345 96.623 96.5738 524.734 586.929 617.234 556.612 555.69 525.736 522.419 492.707 493.055 522.979 525.636 555.606 524.627 491.452 492.755 524.553 522.751 522.77 491.753 494.984 524.642 492.23 462.521 523.394 525.696 526.543 492.107 495.866 556.596 558.853 590.2 560.511 588.705 556.728 491.747 523.927 492.228 523 529.722 525.512 587.757 523.413 492.226 491.8 555.856 588.751 493.295 523.988 556.812 528.857 524.071 460.586 556.704 586.604 524.647 557.685 555.949 522.388 591.287 565.856 524.005 525.621 555.976 554.926 554.18 524.218 492.261 492.773 523.405 554.939 460.346 555.675 585.648 525.656 491.715 561.503 492.607 493.35 554.952 522.849 493.204 595.966 497.239 584.822 493.184 494.02 493.624 494.128 555.914 523.501 523.548 528.553 555.792 461.431 523.972 554.946 555.689 555.79 522.743 554.959 
63.5682 65.4287 5.48483 36.4486 6.55744 4.88194 130.757 32.6471 3.85141 32.4564 33.2328 3.84057 32.5819 4.1332 4.41588 5.95119 6.13052 32.5308 32.6216 65.5051 0 33.0391 5.30723 32.8621 5.93015 5.61991 32.5832 65.5229 65.465 65.4733 32.9899 5.85947 32.749 32.6088 65.493 130.769 4.32049 4.81318 32.5308 32.5218 32.976 326.794 32.6777 32.9457 4.41588 3.88373 63.6481 65.6569 65.6042 78.4596 32.5832 98.2043 32.4474 5.28362 4.68152 262.525 33.0933 5.18009 33.0303 33.1373 32.5538 33.0404 32.7236 37.4811 33 6.35741 4.17333 98.1283 33.0202 65.5051 6.47431 6.46142 4.84768 4.03113 32.9317 65.4943 2.48328 65.6861 32.9419 138.78 228.805 33.2415 8.73212 65.695 98.1164 4.25245 65.5032 32.5474 63.7907 32.6369 67.9804 32.6905 5.27573 7.63763 3.91578 63.6285 196.093 101.479 32.7236 32.6101 570.506 629.877 658.787 601.475 600.072 571.97 566.121 539.388 539.705 567.213 571.878 599.995 570.408 536.556 539.432 570.339 567.002 567.02 537.402 543.073 570.421 538.4 511.536 568.163 571.933 573.246 538.286 544.395 601.46 604.622 634.564 606.681 632.633 601.583 537.396 569.212 538.397 567.232 577.717 571.764 631.204 568.18 538.395 537.444 600.226 632.676 540.469 569.268 601.66 576.413 569.345 507.617 601.56 629.574 570.426 603.009 600.312 566.092 636.107 613.632 569.284 571.864 600.337 598.807 597.551 569.48 538.427 539.448 568.173 598.819 506.835 600.058 628.12 571.896 537.366 608.112 539.297 540.52 598.831 567.092 540.387 642.002 546.155 626.779 540.368 541.667 540.77 541.766 600.28 568.261 568.304 576.135 600.167 509.484 569.254 598.826 600.071 600.164 566.995 598.838 
95.1162 33.5323 33.6316 66.4317 33.0429 33.0379 99.7422 64.4935 33.1813 64.4981 4.79583 32.914 64.4173 33.1675 32.8291 33.0391 33.0492 64.4968 64.5562 33.3592 33.0391 0 32.8545 4.03113 33.0769 32.9709 64.4974 33.5025 33.4627 33.5745 4.1833 32.8849 64.5149 64.4619 33.6712 99.7338 32.8988 33.3766 64.5181 64.4935 3.65148 298.543 64.5181 6.26498 33.0353 32.9608 95.1328 33.7355 33.6762 54.2133 64.4502 66.6283 64.5555 32.8329 33.1487 233.187 4.89898 33.0442 5.49242 4.53689 64.5504 4.79583 64.5652 17.3181 64.6619 33.116 33.0139 66.6508 7.29155 33.4328 33.0467 32.9987 32.9646 33.2829 4.50925 33.5423 32.9861 33.8317 3.77492 142.531 199.127 4.94132 33.587 34.1162 66.7033 32.9583 33.3354 64.4942 95.2361 64.4224 37.5133 64.5588 32.9495 33.3354 33.0164 95.0943 165.897 123.687 64.5458 64.4767 548.16 608.956 638.571 579.592 578.428 549.394 544.801 516.579 516.911 545.629 549.298 578.348 548.058 514.526 516.625 547.986 545.41 545.429 515.103 519.566 548.072 515.844 487.559 546.314 549.356 550.437 515.725 520.669 579.576 582.287 612.937 584.146 611.224 579.704 515.097 547.108 515.841 545.649 554.265 549.18 610.035 546.332 515.839 515.148 578.588 611.269 517.416 547.166 579.784 553.179 547.246 484.619 579.68 608.642 548.077 580.896 578.677 544.77 614.253 590.292 547.182 549.284 578.702 577.412 576.409 547.387 515.872 516.642 546.325 577.424 484.103 578.414 607.436 549.318 515.066 585.357 516.484 517.469 577.437 545.504 517.33 619.538 522.236 606.352 517.31 518.38 517.73 518.483 578.643 546.417 546.461 552.889 578.526 485.982 547.151 577.432 578.427 578.524 545.403 577.444 
63.5276 65.5947 8.28151 36.1329 4.1332 5.33073 130.916 32.3587 6.60177 32.3998 32.9646 4.30116 32.3561 5.95819 3.20156 4.69929 4.89047 32.5 32.6943 65.3848 5.30723 32.8545 0 32.9431 5.75181 4.99166 32.4974 65.5636 65.5172 65.6023 32.9317 3.71932 32.423 32.3458 65.6423 130.871 3.91578 7.58837 32.4037 32.4808 32.8329 326.771 32.4718 33.3779 4.75219 4.32049 63.5446 65.7413 65.6169 78.6352 32.3381 98.2081 32.693 2.62996 6.19139 262.527 33.053 4.26224 33.2553 32.9532 32.679 33.1197 32.6318 37.0608 32.805 4.10284 5.67157 98.2399 33.5572 65.4707 5.07445 4.40643 3.89444 6.8678 33.0189 65.5725 4.97494 65.6208 32.9406 138.74 228.841 33.2478 7.57738 65.847 98.2866 4.28174 65.4835 32.491 63.6808 32.2787 67.9553 32.6216 3.59398 5.76628 5.52268 63.4961 196.104 101.411 32.5947 32.423 570.491 629.863 658.774 601.461 600.057 571.954 566.105 539.372 539.689 567.197 571.862 599.98 570.392 536.539 539.415 570.323 566.986 567.005 537.385 543.057 570.405 538.383 511.518 568.147 571.917 573.23 538.27 544.379 601.445 604.607 634.55 606.667 632.619 601.568 537.379 569.196 538.38 567.216 577.702 571.748 631.189 568.164 538.378 537.428 600.211 632.662 540.452 569.253 601.645 576.398 569.329 507.599 601.545 629.559 570.41 602.994 600.297 566.076 636.093 613.618 569.268 571.849 600.322 598.793 597.536 569.465 538.41 539.432 568.157 598.804 506.817 600.044 628.105 571.881 537.35 608.098 539.28 540.503 598.816 567.077 540.37 641.988 546.139 626.765 540.351 541.65 540.753 541.749 600.265 568.245 568.288 576.12 600.152 509.467 569.238 598.811 600.056 600.149 566.98 598.823 
95.0868 33.4365 33.3604 66.4511 33.175 32.9444 99.6983 64.4645 33.0265 64.4477 4.66369 32.8798 64.4793 32.9381 32.9115 33.0631 33.0303 64.4968 64.4774 33.3929 32.8621 4.03113 32.9431 0 33.0076 32.9735 64.4729 33.4215 33.4278 33.3941 4.55522 33.053 64.5355 64.4806 33.505 99.6657 32.9102 33.1222 64.4903 64.531 3.30404 298.554 64.5233 4.89898 32.928 32.7897 95.1297 33.6378 33.6613 54.1218 64.4819 66.5983 64.4535 32.8963 32.9431 233.195 4.17333 32.8887 4.96655 4.3589 64.4826 4.76095 64.5181 17.6753 64.642 33.16 32.89 66.562 6.0208 33.3267 33.1009 33.0807 32.952 33.0706 4.25245 33.5062 32.8189 33.7787 3.47611 142.519 199.125 6.17117 33.5497 33.9325 66.5489 32.9444 33.4278 64.4922 95.2199 64.4819 37.4944 64.5194 32.9444 33.4627 32.8963 95.121 165.88 123.681 64.509 64.5084 548.156 608.953 638.568 579.588 578.425 549.39 544.796 516.575 516.906 545.625 549.294 578.344 548.054 514.522 516.621 547.982 545.406 545.425 515.099 519.562 548.068 515.839 487.554 546.31 549.352 550.433 515.721 520.665 579.572 582.283 612.934 584.142 611.221 579.7 515.092 547.104 515.836 545.644 554.261 549.176 610.031 546.328 515.835 515.143 578.584 611.265 517.412 547.162 579.78 553.175 547.242 484.614 579.676 608.639 548.072 580.892 578.673 544.766 614.249 590.289 547.178 549.28 578.699 577.408 576.405 547.383 515.868 516.638 546.321 577.42 484.099 578.41 607.433 549.314 515.062 585.353 516.48 517.464 577.433 545.5 517.326 619.535 522.232 606.348 517.306 518.375 517.726 518.479 578.639 546.413 546.457 552.885 578.522 485.978 547.147 577.428 578.423 578.52 545.399 577.44 
63.4107 65.5915 8.86002 36.3135 4.60977 2.98608 130.963 32.4743 5.94418 32.5538 32.9102 4.45346 32.491 6.12372 5.36967 4.03113 3.02765 32.6688 32.329 65.5553 5.93015 33.0769 5.75181 33.0076 0 3.51188 32.3458 65.4243 65.6512 65.5083 33.1336 6.55108 32.5308 32.4923 65.5509 130.853 5.21217 6.71441 32.6739 32.8849 33.1851 326.819 32.4461 33.4888 6.21155 4.39697 63.3943 65.4796 65.8489 78.8062 32.7745 98.3747 32.491 5.17204 4.37798 262.543 32.8202 5.25198 33.3279 32.8887 32.3703 33.1373 32.3213 37.0978 32.4512 7.18795 4.53689 98.3357 33.608 65.465 3.51188 3.98957 4.98331 6.97615 33.3279 65.575 5.21217 65.4166 32.933 138.681 228.886 33.4103 5.43139 66.036 98.3556 6.07591 65.4987 32.3973 63.4849 32.5845 67.9804 32.3548 4.80451 5.43139 4.92443 63.4192 196.068 101.345 32.271 32.8507 570.45 629.826 658.739 601.422 600.019 571.914 566.065 539.329 539.646 567.156 571.822 599.941 570.351 536.496 539.372 570.283 566.946 566.964 537.342 543.014 570.365 538.34 511.473 568.106 571.877 573.19 538.227 544.336 601.407 604.569 634.514 606.628 632.583 601.529 537.336 569.156 538.337 567.175 577.662 571.708 631.153 568.124 538.336 537.385 600.173 632.626 540.41 569.212 601.607 576.358 569.289 507.554 601.507 629.523 570.369 602.956 600.259 566.035 636.056 613.58 569.228 571.808 600.283 598.754 597.497 569.424 538.368 539.389 568.116 598.765 506.772 600.005 628.069 571.84 537.307 608.06 539.238 540.46 598.778 567.036 540.327 641.952 546.097 626.728 540.308 541.608 540.71 541.707 600.226 568.205 568.247 576.08 600.113 509.421 569.198 598.773 600.017 600.111 566.939 598.785 
