0 0.381407 0.391929 0.372479 0.373277 1.15792e+77 1.15792e+77 1.15792e+77 0.391095 0.413072 0.432156 0.429365 0.405364 0.40573 0.416644 0.38769 0.413855 0.390963 0.410615 1.15792e+77 0.388692 1.15792e+77 0.392535 0.379258 0.418276 0.364545 0.390783 0.378617 0.391497 1.15792e+77 0.383431 0.412803 0.422709 0.354585 0.38445 0.399177 1.15792e+77 0.413218 0.42003 1.15792e+77 0.414034 0.445837 0.351411 0.383125 0.422433 0.39349 0.398462 0.389358 0.375225 0.380293 1.15792e+77 0.431685 1.15792e+77 0.543311 inf 0.494058 0.481718 0.460723 1.15792e+77 0.50937 1.15792e+77 0.49007 0.486037 1.15792e+77 1.15792e+77 1.15792e+77 0.480653 0.497477 0.488739 0.461976 0.515023 1.15792e+77 inf inf 0.484 0.509734 1.15792e+77 1.15792e+77 1.15792e+77 0.493523 0.50361 0.489249 0.487942 1.15792e+77 0.449722 0.499886 0.486167 0.484428 0.505614 0.463942 0.489434 0.488132 0.464055 0.468223 0.497381 0.498117 inf 1.15792e+77 0.494787 0.458834
0.381407 0 0.344999 0.406564 0.380608 1.15792e+77 1.15792e+77 1.15792e+77 0.354597 0.374931 0.379211 0.400498 0.421997 0.383227 0.398759 0.349246 0.375062 0.378341 0.413725 1.15792e+77 0.404251 1.15792e+77 0.416869 0.380105 0.364212 0.384433 0.357982 0.361933 0.364265 1.15792e+77 0.43868 0.382702 0.399316 0.399045 0.34331 0.366772 1.15792e+77 0.387916 0.430346 1.15792e+77 0.378209 0.426817 0.393992 0.346564 0.401424 0.393042 0.382639 0.346793 0.376861 0.384013 1.15792e+77 0.421783 1.15792e+77 0.5129 inf 0.469395 0.456366 0.418351 1.15792e+77 0.474543 1.15792e+77 0.457837 0.467264 1.15792e+77 1.15792e+77 1.15792e+77 0.449218 0.451795 0.456035 0.424084 0.476542 1.15792e+77 inf inf 0.460265 0.476543 1.15792e+77 1.15792e+77 1.15792e+77 0.458262 0.457661 0.459457 0.456411 1.15792e+77 0.424853 0.480839 0.442483 0.447782 0.46599 0.434584 0.451297 0.453041 0.419926 0.444641 0.469623 0.45757 inf 1.15792e+77 0.443521 0.428223
0.391929 0.344999 0 0.430443 0.405953 1.15792e+77 1.15792e+77 1.15792e+77 0.372234 0.363721 0.444683 0.452457 0.408757 0.434025 0.40989 0.363309 0.380748 0.380572 0.420861 1.15792e+77 0.431768 1.15792e+77 0.413562 0.408522 0.405927 0.417843 0.326016 0.410892 0.353841 1.15792e+77 0.424605 0.383607 0.467049 0.416808 0.363673 0.401219 1.15792e+77 0.367142 0.436883 1.15792e+77 0.375626 0.488542 0.419394 0.36938 0.381713 0.396747 0.380146 0.35312 0.393291 0.412659 1.15792e+77 0.463039 1.15792e+77 0.557113 inf 0.512545 0.496955 0.467059 1.15792e+77 0.531156 1.15792e+77 0.48944 0.510841 1.15792e+77 1.15792e+77 1.15792e+77 0.487658 0.501346 0.503651 0.457793 0.519221 1.15792e+77 inf inf 0.4922 0.524771 1.15792e+77 1.15792e+77 1.15792e+77 0.500563 0.508748 0.505776 0.496641 1.15792e+77 0.47289 0.51829 0.495226 0.49165 0.515696 0.487202 0.489647 0.5134 0.460077 0.492305 0.517261 0.501324 inf 1.15792e+77 0.501317 0.478612
0.372479 0.406564 0.430443 0 0.375058 1.15792e+77 1.15792e+77 1.15792e+77 0.392113 0.406025 0.415348 0.385971 0.443338 0.36747 0.416665 0.398557 0.408556 0.417356 0.40136 1.15792e+77 0.391659 1.15792e+77 0.387198 0.403607 0.410443 0.364554 0.388783 0.386522 0.390082 1.15792e+77 0.425843 0.434733 0.390883 0.357966 0.385289 0.397763 1.15792e+77 0.427022 0.415849 1.15792e+77 0.424744 0.409115 0.313895 0.3917 0.402779 0.405129 0.383448 0.411886 0.367198 0.330907 1.15792e+77 0.442618 1.15792e+77 0.530354 inf 0.481413 0.486938 0.451105 1.15792e+77 0.491804 1.15792e+77 0.486081 0.476134 1.15792e+77 1.15792e+77 1.15792e+77 0.473473 0.499664 0.479232 0.460368 0.491997 1.15792e+77 inf inf 0.486198 0.505664 1.15792e+77 1.15792e+77 1.15792e+77 0.475068 0.481055 0.476184 0.480295 1.15792e+77 0.441112 0.4939 0.473475 0.466952 0.483664 0.441853 0.4814 0.46175 0.437076 0.460317 0.497668 0.479256 inf 1.15792e+77 0.483373 0.466745
0.373277 0.380608 0.405953 0.375058 0 1.15792e+77 1.15792e+77 1.15792e+77 0.365784 0.402484 0.378563 0.389926 0.423865 0.377782 0.391282 0.390092 0.378621 0.42078 0.410187 1.15792e+77 0.353292 1.15792e+77 0.40361 0.396753 0.38182 0.377194 0.380002 0.362878 0.389652 1.15792e+77 0.449373 0.420225 0.37199 0.38566 0.378369 0.376605 1.15792e+77 0.413885 0.411672 1.15792e+77 0.357292 0.398786 0.359046 0.393202 0.401365 0.412056 0.389114 0.401973 0.376938 0.342752 1.15792e+77 0.389333 1.15792e+77 0.485282 inf 0.435874 0.428605 0.406845 1.15792e+77 0.45681 1.15792e+77 0.446756 0.433836 1.15792e+77 1.15792e+77 1.15792e+77 0.431321 0.449293 0.432809 0.41169 0.457338 1.15792e+77 inf inf 0.440329 0.448347 1.15792e+77 1.15792e+77 1.15792e+77 0.4356 0.453741 0.435388 0.436108 1.15792e+77 0.406457 0.462924 0.429936 0.419344 0.445582 0.428871 0.431722 0.42798 0.397242 0.413087 0.452356 0.447612 inf 1.15792e+77 0.429949 0.425647
1.15792e+77 1.15792e+77 1.15792e+77 1.15792e+77 1.15792e+77 0 0.633229 0.601583 1.15792e+77 1.15792e+77 1.15792e+77 1.15792e+77 1.15792e+77 1.15792e+77 1.15792e+77 1.15792e+77 1.15792e+77 1.15792e+77 1.15792e+77 0.61089 1.15792e+77 0.623678 1.15792e+77 1.15792e+77 1.15792e+77 1.15792e+77 1.15792e+77 1.15792e+77 1.15792e+77 0.627957 1.15792e+77 1.15792e+77 1.15792e+77 1.15792e+77 1.15792e+77 1.15792e+77 0.643358 1.15792e+77 1.15792e+77 0.642662 1.15792e+77 1.15792e+77 1.15792e+77 1.15792e+77 1.15792e+77 1.15792e+77 1.15792e+77 1.15792e+77 1.15792e+77 1.15792e+77 0.617774 1.15792e+77 0.602115 1.15792e+77 inf 1.15792e+77 1.15792e+77 1.15792e+77 0.63757 1.15792e+77 0.629579 1.15792e+77 1.15792e+77 0.621095 0.590871 0.646725 1.15792e+77 1.15792e+77 1.15792e+77 1.15792e+77 1.15792e+77 0.579141 inf inf 1.15792e+77 1.15792e+77 0.599347 0.620547 0.621887 1.15792e+77 1.15792e+77 1.15792e+77 1.15792e+77 0.48566 1.15792e+77 1.15792e+77 1.15792e+77 1.15792e+77 1.15792e+77 1.15792e+77 1.15792e+77 1.15792e+77 1.15792e+77 1.15792e+77 1.15792e+77 1.15792e+77 inf 0.639996 1.15792e+77 1.15792e+77
1.15792e+77 1.15792e+77 1.15792e+77 1.15792e+77 1.15792e+77 0.633229 0 0.40057 1.15792e+77 1.15792e+77 1.15792e+77 1.15792e+77 1.15792e+77 1.15792e+77 1.15792e+77 1.15792e+77 1.15792e+77 1.15792e+77 1.15792e+77 0.40374 1.15792e+77 0.389901 1.15792e+77 1.15792e+77 1.15792e+77 1.15792e+77 1.15792e+77 1.15792e+77 1.15792e+77 0.424009 1.15792e+77 1.15792e+77 1.15792e+77 1.15792e+77 1.15792e+77 1.15792e+77 0.391572 1.15792e+77 1.15792e+77 0.371622 1.15792e+77 1.15792e+77 1.15792e+77 1.15792e+77 1.15792e+77 1.15792e+77 1.15792e+77 1.15792e+77 1.15792e+77 1.15792e+77 0.473748 1.15792e+77 0.480547 1.15792e+77 inf 1.15792e+77 1.15792e+77 1.15792e+77 0.511693 1.15792e+77 0.476834 1.15792e+77 1.15792e+77 0.465064 0.506818 0.495831 1.15792e+77 1.15792e+77 1.15792e+77 1.15792e+77 1.15792e+77 0.428064 inf inf 1.15792e+77 1.15792e+77 0.457183 0.477954 0.502048 1.15792e+77 1.15792e+77 1.15792e+77 1.15792e+77 0.543541 1.15792e+77 1.15792e+77 1.15792e+77 1.15792e+77 1.15792e+77 1.15792e+77 1.15792e+77 1.15792e+77 1.15792e+77 1.15792e+77 1.15792e+77 1.15792e+77 inf 0.473403 1.15792e+77 1.15792e+77
1.15792e+77 1.15792e+77 1.15792e+77 1.15792e+77 1.15792e+77 0.601583 0.40057 0 1.15792e+77 1.15792e+77 1.15792e+77 1.15792e+77 1.15792e+77 1.15792e+77 1.15792e+77 1.15792e+77 1.15792e+77 1.15792e+77 1.15792e+77 0.375695 1.15792e+77 0.379009 1.15792e+77 1.15792e+77 1.15792e+77 1.15792e+77 1.15792e+77 1.15792e+77 1.15792e+77 0.37335 1.15792e+77 1.15792e+77 1.15792e+77 1.15792e+77 1.15792e+77 1.15792e+77 0.405965 1.15792e+77 1.15792e+77 0.415659 1.15792e+77 1.15792e+77 1.15792e+77 1.15792e+77 1.15792e+77 1.15792e+77 1.15792e+77 1.15792e+77 1.15792e+77 1.15792e+77 0.444162 1.15792e+77 0.454789 1.15792e+77 inf 1.15792e+77 1.15792e+77 1.15792e+77 0.481833 1.15792e+77 0.451281 1.15792e+77 1.15792e+77 0.459609 0.483521 0.476589 1.15792e+77 1.15792e+77 1.15792e+77 1.15792e+77 1.15792e+77 0.423803 inf inf 1.15792e+77 1.15792e+77 0.429358 0.448699 0.485543 1.15792e+77 1.15792e+77 1.15792e+77 1.15792e+77 0.492248 1.15792e+77 1.15792e+77 1.15792e+77 1.15792e+77 1.15792e+77 1.15792e+77 1.15792e+77 1.15792e+77 1.15792e+77 1.15792e+77 1.15792e+77 1.15792e+77 inf 0.459482 1.15792e+77 1.15792e+77
0.391095 0.354597 0.372234 0.392113 0.365784 1.15792e+77 1.15792e+77 1.15792e+77 0 0.383799 0.377401 0.364811 0.403208 0.369254 0.412589 0.368579 0.364812 0.411388 0.396349 1.15792e+77 0.389077 1.15792e+77 0.39822 0.375384 0.363751 0.393822 0.37933 0.375038 0.351301 1.15792e+77 0.44577 0.409153 0.373706 0.419369 0.369089 0.359281 1.15792e+77 0.421925 0.401342 1.15792e+77 0.347348 0.410377 0.377436 0.358952 0.410702 0.418518 0.389513 0.385224 0.354454 0.365531 1.15792e+77 0.357746 1.15792e+77 0.486193 inf 0.428774 0.426705 0.382728 1.15792e+77 0.456039 1.15792e+77 0.4177 0.417167 1.15792e+77 1.15792e+77 1.15792e+77 0.392279 0.433243 0.418938 0.37863 0.441342 1.15792e+77 inf inf 0.413436 0.436102 1.15792e+77 1.15792e+77 1.15792e+77 0.411506 0.431716 0.424147 0.41608 1.15792e+77 0.396964 0.458636 0.410861 0.419793 0.428173 0.401984 0.427459 0.428549 0.389475 0.410456 0.446023 0.425628 inf 1.15792e+77 0.427556 0.391469
0.413072 0.374931 0.363721 0.406025 0.402484 1.15792e+77 1.15792e+77 1.15792e+77 0.383799 0 0.413631 0.441571 0.399106 0.404557 0.421854 0.364489 0.395259 0.350754 0.40751 1.15792e+77 0.441531 1.15792e+77 0.412723 0.400065 0.374849 0.404687 0.35797 0.381971 0.364069 1.15792e+77 0.462689 0.370956 0.438334 0.413007 0.332948 0.425683 1.15792e+77 0.408894 0.41737 1.15792e+77 0.398161 0.454234 0.398069 0.414483 0.41159 0.400996 0.427542 0.382396 0.388747 0.381404 1.15792e+77 0.452237 1.15792e+77 0.529049 inf 0.498545 0.489067 0.462699 1.15792e+77 0.521302 1.15792e+77 0.490812 0.501851 1.15792e+77 1.15792e+77 1.15792e+77 0.48179 0.498434 0.491623 0.463816 0.499962 1.15792e+77 inf inf 0.487886 0.506057 1.15792e+77 1.15792e+77 1.15792e+77 0.483694 0.502384 0.501859 0.489654 1.15792e+77 0.457512 0.508703 0.480888 0.477903 0.5005 0.483397 0.479216 0.488187 0.455557 0.476282 0.510714 0.483689 inf 1.15792e+77 0.485557 0.477099
0.432156 0.379211 0.444683 0.415348 0.378563 1.15792e+77 1.15792e+77 1.15792e+77 0.377401 0.413631 0 0.382258 0.453188 0.373972 0.453766 0.411311 0.394728 0.448565 0.416091 1.15792e+77 0.40963 1.15792e+77 0.453479 0.377441 0.367203 0.408413 0.421424 0.380399 0.423449 1.15792e+77 0.47766 0.436175 0.340031 0.440774 0.389333 0.38266 1.15792e+77 0.480741 0.434063 1.15792e+77 0.393415 0.338971 0.393965 0.412521 0.434222 0.452273 0.441161 0.425215 0.390513 0.369789 1.15792e+77 0.386777 1.15792e+77 0.454197 inf 0.410678 0.40988 0.386557 1.15792e+77 0.408992 1.15792e+77 0.409085 0.408436 1.15792e+77 1.15792e+77 1.15792e+77 0.40013 0.417281 0.401611 0.384612 0.406995 1.15792e+77 inf inf 0.413624 0.420512 1.15792e+77 1.15792e+77 1.15792e+77 0.393662 0.386242 0.411077 0.402234 1.15792e+77 0.37548 0.424293 0.373607 0.403192 0.395648 0.393722 0.400242 0.365282 0.374746 0.398168 0.444412 0.407763 inf 1.15792e+77 0.382234 0.403528
0.429365 0.400498 0.452457 0.385971 0.389926 1.15792e+77 1.15792e+77 1.15792e+77 0.364811 0.441571 0.382258 0 0.474102 0.337856 0.45523 0.418306 0.411881 0.458458 0.430875 1.15792e+77 0.38844 1.15792e+77 0.449153 0.401325 0.413749 0.417733 0.420688 0.401191 0.417793 1.15792e+77 0.475727 0.460486 0.362491 0.432495 0.412711 0.35136 1.15792e+77 0.478393 0.442685 1.15792e+77 0.409931 0.382533 0.376099 0.403068 0.43403 0.449116 0.411255 0.431225 0.36814 0.346041 1.15792e+77 0.411027 1.15792e+77 0.494453 inf 0.446392 0.435235 0.40477 1.15792e+77 0.441487 1.15792e+77 0.436654 0.429038 1.15792e+77 1.15792e+77 1.15792e+77 0.423732 0.437067 0.42608 0.403857 0.454981 1.15792e+77 inf inf 0.441214 0.457481 1.15792e+77 1.15792e+77 1.15792e+77 0.429891 0.417519 0.429194 0.432671 1.15792e+77 0.399857 0.445922 0.426834 0.43645 0.440128 0.387118 0.426739 0.406774 0.418203 0.417513 0.46516 0.453393 inf 1.15792e+77 0.442602 0.414133
0.405364 0.421997 0.408757 0.443338 0.423865 1.15792e+77 1.15792e+77 1.15792e+77 0.403208 0.399106 0.453188 0.474102 0 0.451132 0.41434 0.451255 0.402809 0.416965 0.412812 1.15792e+77 0.440708 1.15792e+77 0.382861 0.384745 0.439643 0.409982 0.436064 0.451486 0.41467 1.15792e+77 0.435888 0.452786 0.459267 0.455568 0.43811 0.438497 1.15792e+77 0.423289 0.379701 1.15792e+77 0.400664 0.504221 0.424066 0.428265 0.402024 0.485861 0.439674 0.42316 0.416506 0.422063 1.15792e+77 0.434992 1.15792e+77 0.530111 inf 0.515987 0.48698 0.463155 1.15792e+77 0.533062 1.15792e+77 0.479724 0.477096 1.15792e+77 1.15792e+77 1.15792e+77 0.469892 0.483112 0.474758 0.455356 0.499474 1.15792e+77 inf inf 0.467644 0.48638 1.15792e+77 1.15792e+77 1.15792e+77 0.493854 0.517057 0.494079 0.484387 1.15792e+77 0.45471 0.497278 0.493691 0.463452 0.512234 0.497531 0.481882 0.514138 0.469785 0.482601 0.532589 0.480415 inf 1.15792e+77 0.49134 0.484833
0.40573 0.383227 0.434025 0.36747 0.377782 1.15792e+77 1.15792e+77 1.15792e+77 0.369254 0.404557 0.373972 0.337856 0.451132 0 0.426509 0.374658 0.393593 0.413524 0.422251 1.15792e+77 0.376045 1.15792e+77 0.415853 0.396392 0.380521 0.391318 0.382959 0.376561 0.377117 1.15792e+77 0.4528 0.415219 0.367273 0.39627 0.373283 0.357206 1.15792e+77 0.450397 0.426211 1.15792e+77 0.403053 0.386989 0.36303 0.383786 0.409179 0.396537 0.390812 0.4016 0.367678 0.326118 1.15792e+77 0.404926 1.15792e+77 0.489908 inf 0.444434 0.452189 0.410796 1.15792e+77 0.443372 1.15792e+77 0.44475 0.440977 1.15792e+77 1.15792e+77 1.15792e+77 0.43933 0.453039 0.43407 0.42178 0.459235 1.15792e+77 inf inf 0.444878 0.465212 1.15792e+77 1.15792e+77 1.15792e+77 0.437046 0.423372 0.447772 0.422843 1.15792e+77 0.415223 0.472621 0.42247 0.444297 0.44382 0.387782 0.441205 0.41185 0.392521 0.423277 0.455346 0.453402 inf 1.15792e+77 0.433829 0.429818
0.416644 0.398759 0.40989 0.416665 0.391282 1.15792e+77 1.15792e+77 1.15792e+77 0.412589 0.421854 0.453766 0.45523 0.41434 0.426509 0 0.448362 0.405031 0.437949 0.422712 1.15792e+77 0.408739 1.15792e+77 0.400881 0.42327 0.44698 0.412541 0.434198 0.450383 0.404669 1.15792e+77 0.431639 0.439796 0.465808 0.44252 0.434923 0.437332 1.15792e+77 0.380643 0.385689 1.15792e+77 0.417739 0.489791 0.395588 0.393303 0.417648 0.456273 0.423533 0.411102 0.429823 0.402312 1.15792e+77 0.446457 1.15792e+77 0.517214 inf 0.502387 0.48521 0.422706 1.15792e+77 0.526672 1.15792e+77 0.48456 0.484792 1.15792e+77 1.15792e+77 1.15792e+77 0.467229 0.483734 0.473151 0.445497 0.497959 1.15792e+77 inf inf 0.475784 0.481233 1.15792e+77 1.15792e+77 1.15792e+77 0.493902 0.504252 0.496706 0.469902 1.15792e+77 0.470844 0.493304 0.485096 0.466451 0.494605 0.496796 0.469043 0.50837 0.467733 0.463865 0.520403 0.461992 inf 1.15792e+77 0.493978 0.469466
0.38769 0.349246 0.363309 0.398557 0.390092 1.15792e+77 1.15792e+77 1.15792e+77 0.368579 0.364489 0.411311 0.418306 0.451255 0.374658 0.448362 0 0.393207 0.367019 0.417147 1.15792e+77 0.419223 1.15792e+77 0.414116 0.40751 0.366574 0.396336 0.349437 0.352887 0.367109 1.15792e+77 0.454116 0.362526 0.418361 0.372789 0.321163 0.406782 1.15792e+77 0.402586 0.435896 1.15792e+77 0.385718 0.43908 0.400394 0.370679 0.432109 0.355382 0.377495 0.339246 0.367178 0.383292 1.15792e+77 0.441664 1.15792e+77 0.531154 inf 0.479307 0.478004 0.444925 1.15792e+77 0.49293 1.15792e+77 0.483444 0.484449 1.15792e+77 1.15792e+77 1.15792e+77 0.476049 0.487487 0.477648 0.447148 0.498477 1.15792e+77 inf inf 0.488451 0.502056 1.15792e+77 1.15792e+77 1.15792e+77 0.474319 0.487636 0.487493 0.485847 1.15792e+77 0.450076 0.507669 0.461099 0.472521 0.486132 0.452547 0.476237 0.472528 0.438311 0.459967 0.486841 0.484345 inf 1.15792e+77 0.470465 0.462558
0.413855 0.375062 0.380748 0.408556 0.378621 1.15792e+77 1.15792e+77 1.15792e+77 0.364812 0.395259 0.394728 0.411881 0.402809 0.393593 0.405031 0.393207 0 0.424197 0.384807 1.15792e+77 0.400606 1.15792e+77 0.405656 0.397927 0.362294 0.39147 0.396495 0.39778 0.378797 1.15792e+77 0.459797 0.37228 0.412448 0.416525 0.370968 0.363867 1.15792e+77 0.414169 0.415163 1.15792e+77 0.341606 0.430809 0.392402 0.404584 0.381503 0.420652 0.396834 0.397418 0.388549 0.378869 1.15792e+77 0.412895 1.15792e+77 0.489949 inf 0.449787 0.441887 0.407751 1.15792e+77 0.487359 1.15792e+77 0.435531 0.462068 1.15792e+77 1.15792e+77 1.15792e+77 0.446808 0.455119 0.433738 0.414572 0.450081 1.15792e+77 inf inf 0.437669 0.452518 1.15792e+77 1.15792e+77 1.15792e+77 0.438118 0.462477 0.455822 0.433406 1.15792e+77 0.424268 0.454218 0.434635 0.422021 0.44643 0.443289 0.424047 0.453953 0.396202 0.421314 0.473482 0.417 inf 1.15792e+77 0.44321 0.432115
0.390963 0.378341 0.380572 0.417356 0.42078 1.15792e+77 1.15792e+77 1.15792e+77 0.411388 0.350754 0.448565 0.458458 0.416965 0.413524 0.437949 0.367019 0.424197 0 0.420789 1.15792e+77 0.443729 1.15792e+77 0.398643 0.402724 0.390406 0.388854 0.39828 0.395148 0.402647 1.15792e+77 0.451796 0.364376 0.469006 0.383992 0.358865 0.441244 1.15792e+77 0.410046 0.412417 1.15792e+77 0.424797 0.481049 0.409035 0.411241 0.427316 0.379809 0.429959 0.361617 0.406631 0.399671 1.15792e+77 0.470623 1.15792e+77 0.553685 inf 0.514207 0.508981 0.477885 1.15792e+77 0.534735 1.15792e+77 0.511569 0.517607 1.15792e+77 1.15792e+77 1.15792e+77 0.504509 0.515596 0.515179 0.485609 0.526285 1.15792e+77 inf inf 0.511109 0.528385 1.15792e+77 1.15792e+77 1.15792e+77 0.506174 0.521892 0.517569 0.50689 1.15792e+77 0.481186 0.53186 0.499846 0.497128 0.522507 0.50135 0.49841 0.511076 0.479005 0.495382 0.52125 0.508908 inf 1.15792e+77 0.500889 0.496464
0.410615 0.413725 0.420861 0.40136 0.410187 1.15792e+77 1.15792e+77 1.15792e+77 0.396349 0.40751 0.416091 0.430875 0.412812 0.422251 0.422712 0.417147 0.384807 0.420789 0 1.15792e+77 0.422524 1.15792e+77 0.400614 0.391902 0.394 0.391637 0.417144 0.428062 0.394406 1.15792e+77 0.452879 0.418509 0.438285 0.429333 0.415696 0.412075 1.15792e+77 0.433969 0.381821 1.15792e+77 0.393018 0.447918 0.392595 0.424487 0.433689 0.460311 0.444487 0.44089 0.416922 0.383715 1.15792e+77 0.436419 1.15792e+77 0.50845 inf 0.480666 0.47293 0.420902 1.15792e+77 0.506682 1.15792e+77 0.445402 0.479367 1.15792e+77 1.15792e+77 1.15792e+77 0.454056 0.475013 0.448577 0.422578 0.445962 1.15792e+77 inf inf 0.461837 0.486995 1.15792e+77 1.15792e+77 1.15792e+77 0.450665 0.47237 0.476033 0.456515 1.15792e+77 0.461595 0.463154 0.462046 0.428233 0.466627 0.469136 0.430241 0.470557 0.417888 0.425631 0.502659 0.410883 inf 1.15792e+77 0.469944 0.446912
1.15792e+77 1.15792e+77 1.15792e+77 1.15792e+77 1.15792e+77 0.61089 0.40374 0.375695 1.15792e+77 1.15792e+77 1.15792e+77 1.15792e+77 1.15792e+77 1.15792e+77 1.15792e+77 1.15792e+77 1.15792e+77 1.15792e+77 1.15792e+77 0 1.15792e+77 0.443722 1.15792e+77 1.15792e+77 1.15792e+77 1.15792e+77 1.15792e+77 1.15792e+77 1.15792e+77 0.403724 1.15792e+77 1.15792e+77 1.15792e+77 1.15792e+77 1.15792e+77 1.15792e+77 0.356069 1.15792e+77 1.15792e+77 0.388555 1.15792e+77 1.15792e+77 1.15792e+77 1.15792e+77 1.15792e+77 1.15792e+77 1.15792e+77 1.15792e+77 1.15792e+77 1.15792e+77 0.43304 1.15792e+77 0.424998 1.15792e+77 inf 1.15792e+77 1.15792e+77 1.15792e+77 0.464693 1.15792e+77 0.431887 1.15792e+77 1.15792e+77 0.413075 0.464756 0.45024 1.15792e+77 1.15792e+77 1.15792e+77 1.15792e+77 1.15792e+77 0.416318 inf inf 1.15792e+77 1.15792e+77 0.412845 0.458212 0.452667 1.15792e+77 1.15792e+77 1.15792e+77 1.15792e+77 0.496251 1.15792e+77 1.15792e+77 1.15792e+77 1.15792e+77 1.15792e+77 1.15792e+77 1.15792e+77 1.15792e+77 1.15792e+77 1.15792e+77 1.15792e+77 1.15792e+77 inf 0.442319 1.15792e+77 1.15792e+77
0.388692 0.404251 0.431768 0.391659 0.353292 1.15792e+77 1.15792e+77 1.15792e+77 0.389077 0.441531 0.40963 0.38844 0.440708 0.376045 0.408739 0.419223 0.400606 0.443729 0.422524 1.15792e+77 0 1.15792e+77 0.404115 0.402754 0.414976 0.378073 0.41135 0.408017 0.410272 1.15792e+77 0.432501 0.458177 0.393544 0.397436 0.415307 0.375988 1.15792e+77 0.431717 0.412467 1.15792e+77 0.389411 0.407764 0.370975 0.400138 0.406514 0.439332 0.389229 0.413424 0.39744 0.369895 1.15792e+77 0.390995 1.15792e+77 0.482836 inf 0.422837 0.409546 0.396031 1.15792e+77 0.451446 1.15792e+77 0.432355 0.419406 1.15792e+77 1.15792e+77 1.15792e+77 0.426409 0.429345 0.414101 0.405954 0.450154 1.15792e+77 inf inf 0.417479 0.438212 1.15792e+77 1.15792e+77 1.15792e+77 0.433122 0.44734 0.418045 0.427777 1.15792e+77 0.407112 0.450497 0.43138 0.420256 0.443391 0.412716 0.433134 0.429264 0.419079 0.416375 0.441685 0.433226 inf 1.15792e+77 0.445458 0.413106
1.15792e+77 1.15792e+77 1.15792e+77 1.15792e+77 1.15792e+77 0.623678 0.389901 0.379009 1.15792e+77 1.15792e+77 1.15792e+77 1.15792e+77 1.15792e+77 1.15792e+77 1.15792e+77 1.15792e+77 1.15792e+77 1.15792e+77 1.15792e+77 0.443722 1.15792e+77 0 1.15792e+77 1.15792e+77 1.15792e+77 1.15792e+77 1.15792e+77 1.15792e+77 1.15792e+77 0.387874 1.15792e+77 1.15792e+77 1.15792e+77 1.15792e+77 1.15792e+77 1.15792e+77 0.402296 1.15792e+77 1.15792e+77 0.403538 1.15792e+77 1.15792e+77 1.15792e+77 1.15792e+77 1.15792e+77 1.15792e+77 1.15792e+77 1.15792e+77 1.15792e+77 1.15792e+77 0.46579 1.15792e+77 0.471694 1.15792e+77 inf 1.15792e+77 1.15792e+77 1.15792e+77 0.500989 1.15792e+77 0.450569 1.15792e+77 1.15792e+77 0.468784 0.495599 0.479287 1.15792e+77 1.15792e+77 1.15792e+77 1.15792e+77 1.15792e+77 0.42271 inf inf 1.15792e+77 1.15792e+77 0.445789 0.450209 0.499518 1.15792e+77 1.15792e+77 1.15792e+77 1.15792e+77 0.532184 1.15792e+77 1.15792e+77 1.15792e+77 1.15792e+77 1.15792e+77 1.15792e+77 1.15792e+77 1.15792e+77 1.15792e+77 1.15792e+77 1.15792e+77 1.15792e+77 inf 0.458376 1.15792e+77 1.15792e+77
0.392535 0.416869 0.413562 0.387198 0.40361 1.15792e+77 1.15792e+77 1.15792e+77 0.39822 0.412723 0.453479 0.449153 0.382861 0.415853 0.400881 0.414116 0.405656 0.398643 0.400614 1.15792e+77 0.404115 1.15792e+77 0 0.400161 0.429105 0.384156 0.418822 0.420957 0.394872 1.15792e+77 0.414497 0.436693 0.449586 0.405204 0.414575 0.414776 1.15792e+77 0.410972 0.362095 1.15792e+77 0.407988 0.482024 0.390394 0.409971 0.41036 0.442761 0.412377 0.41825 0.408738 0.40445 1.15792e+77 0.448192 1.15792e+77 0.510174 inf 0.499697 0.488219 0.458218 1.15792e+77 0.518846 1.15792e+77 0.47796 0.487389 1.15792e+77 1.15792e+77 1.15792e+77 0.463717 0.490582 0.469459 0.44325 0.489839 1.15792e+77 inf inf 0.462331 0.487934 1.15792e+77 1.15792e+77 1.15792e+77 0.476821 0.503493 0.484982 0.465488 1.15792e+77 0.461432 0.482767 0.482863 0.449049 0.496237 0.484637 0.461663 0.50215 0.459774 0.449524 0.503885 0.464888 inf 1.15792e+77 0.49088 0.480815
0.379258 0.380105 0.408522 0.403607 0.396753 1.15792e+77 1.15792e+77 1.15792e+77 0.375384 0.400065 0.377441 0.401325 0.384745 0.396392 0.42327 0.40751 0.397927 0.402724 0.391902 1.15792e+77 0.402754 1.15792e+77 0.400161 0 0.379101 0.380921 0.406676 0.393585 0.40535 1.15792e+77 0.436461 0.422532 0.399025 0.424759 0.389206 0.378655 1.15792e+77 0.452612 0.363133 1.15792e+77 0.373427 0.42454 0.378485 0.385802 0.432899 0.447236 0.437559 0.411505 0.390039 0.373706 1.15792e+77 0.396361 1.15792e+77 0.50068 inf 0.461084 0.447716 0.395446 1.15792e+77 0.469821 1.15792e+77 0.426081 0.449709 1.15792e+77 1.15792e+77 1.15792e+77 0.418966 0.451308 0.44127 0.403608 0.459415 1.15792e+77 inf inf 0.437166 0.459662 1.15792e+77 1.15792e+77 1.15792e+77 0.439529 0.45448 0.453664 0.438918 1.15792e+77 0.420533 0.45306 0.437179 0.426917 0.452828 0.430802 0.417847 0.444498 0.43007 0.410369 0.47365 0.441856 inf 1.15792e+77 0.454208 0.417686
0.418276 0.364212 0.405927 0.410443 0.38182 1.15792e+77 1.15792e+77 1.15792e+77 0.363751 0.374849 0.367203 0.413749 0.439643 0.380521 0.44698 0.366574 0.362294 0.390406 0.394 1.15792e+77 0.414976 1.15792e+77 0.429105 0.379101 0 0.405405 0.38835 0.346071 0.383584 1.15792e+77 0.475239 0.383055 0.404769 0.415564 0.34842 0.401031 1.15792e+77 0.439986 0.414785 1.15792e+77 0.372184 0.400958 0.409472 0.408963 0.435263 0.401828 0.429124 0.383902 0.401861 0.382174 1.15792e+77 0.395839 1.15792e+77 0.470381 inf 0.43411 0.434018 0.422067 1.15792e+77 0.444269 1.15792e+77 0.442894 0.439647 1.15792e+77 1.15792e+77 1.15792e+77 0.434929 0.452918 0.437522 0.418266 0.438774 1.15792e+77 inf inf 0.446901 0.444188 1.15792e+77 1.15792e+77 1.15792e+77 0.425566 0.448242 0.443069 0.433165 1.15792e+77 0.396183 0.469468 0.394448 0.425106 0.423632 0.436519 0.435071 0.414984 0.393331 0.426752 0.455578 0.434276 inf 1.15792e+77 0.406052 0.426255
0.364545 0.384433 0.417843 0.364554 0.377194 1.15792e+77 1.15792e+77 1.15792e+77 0.393822 0.404687 0.408413 0.417733 0.409982 0.391318 0.412541 0.396336 0.39147 0.388854 0.391637 1.15792e+77 0.378073 1.15792e+77 0.384156 0.380921 0.405405 0 0.402739 0.380004 0.395736 1.15792e+77 0.410812 0.425089 0.411274 0.351049 0.396508 0.396464 1.15792e+77 0.421743 0.401752 1.15792e+77 0.396846 0.427421 0.357516 0.402484 0.40615 0.421826 0.406848 0.395388 0.37516 0.381962 1.15792e+77 0.412627 1.15792e+77 0.508409 inf 0.47692 0.461364 0.444511 1.15792e+77 0.48995 1.15792e+77 0.471337 0.462207 1.15792e+77 1.15792e+77 1.15792e+77 0.456285 0.472817 0.45882 0.43187 0.483892 1.15792e+77 inf inf 0.459513 0.480194 1.15792e+77 1.15792e+77 1.15792e+77 0.465887 0.479648 0.469144 0.463605 1.15792e+77 0.437906 0.476183 0.460336 0.446749 0.480501 0.456038 0.461349 0.464017 0.433185 0.445415 0.491607 0.4647 inf 1.15792e+77 0.468053 0.456557
0.390783 0.357982 0.326016 0.388783 0.380002 1.15792e+77 1.15792e+77 1.15792e+77 0.37933 0.35797 0.421424 0.420688 0.436064 0.382959 0.434198 0.349437 0.396495 0.39828 0.417144 1.15792e+77 0.41135 1.15792e+77 0.418822 0.406676 0.38835 0.402739 0 0.374153 0.328324 1.15792e+77 0.41604 0.40445 0.432639 0.387707 0.360409 0.368646 1.15792e+77 0.388541 0.439234 1.15792e+77 0.383273 0.453438 0.397689 0.37518 0.417068 0.380631 0.370853 0.361135 0.362735 0.387874 1.15792e+77 0.446705 1.15792e+77 0.539385 inf 0.488374 0.48585 0.449722 1.15792e+77 0.507478 1.15792e+77 0.479051 0.482173 1.15792e+77 1.15792e+77 1.15792e+77 0.479266 0.482215 0.48345 0.447485 0.502965 1.15792e+77 inf inf 0.481976 0.505623 1.15792e+77 1.15792e+77 1.15792e+77 0.473288 0.489495 0.487341 0.473238 1.15792e+77 0.463167 0.508812 0.468475 0.485525 0.492067 0.451646 0.477084 0.480359 0.442311 0.46632 0.494183 0.490895 inf 1.15792e+77 0.481267 0.466129
0.378617 0.361933 0.410892 0.386522 0.362878 1.15792e+77 1.15792e+77 1.15792e+77 0.375038 0.381971 0.380399 0.401191 0.451486 0.376561 0.450383 0.352887 0.39778 0.395148 0.428062 1.15792e+77 0.408017 1.15792e+77 0.420957 0.393585 0.346071 0.380004 0.374153 0 0.380441 1.15792e+77 0.430279 0.395918 0.398293 0.367958 0.334456 0.399157 1.15792e+77 0.447692 0.441398 1.15792e+77 0.408332 0.392789 0.394157 0.400123 0.423866 0.367691 0.396203 0.389998 0.382748 0.374977 1.15792e+77 0.425016 1.15792e+77 0.513559 inf 0.457993 0.46335 0.441514 1.15792e+77 0.460625 1.15792e+77 0.477921 0.46823 1.15792e+77 1.15792e+77 1.15792e+77 0.467015 0.488598 0.479493 0.446884 0.481773 1.15792e+77 inf inf 0.48288 0.485329 1.15792e+77 1.15792e+77 1.15792e+77 0.456515 0.468677 0.466316 0.468094 1.15792e+77 0.425765 0.492358 0.437255 0.462973 0.465526 0.429836 0.466916 0.439811 0.426885 0.451339 0.468552 0.477364 inf 1.15792e+77 0.445608 0.447873
0.391497 0.364265 0.353841 0.390082 0.389652 1.15792e+77 1.15792e+77 1.15792e+77 0.351301 0.364069 0.423449 0.417793 0.41467 0.377117 0.404669 0.367109 0.378797 0.402647 0.394406 1.15792e+77 0.410272 1.15792e+77 0.394872 0.40535 0.383584 0.395736 0.328324 0.380441 0 1.15792e+77 0.425066 0.396762 0.428124 0.396877 0.366894 0.389046 1.15792e+77 0.391549 0.417036 1.15792e+77 0.391785 0.449313 0.382663 0.368414 0.399444 0.396417 0.367568 0.374776 0.381754 0.389111 1.15792e+77 0.438686 1.15792e+77 0.529804 inf 0.480231 0.472684 0.435461 1.15792e+77 0.5052 1.15792e+77 0.477827 0.484152 1.15792e+77 1.15792e+77 1.15792e+77 0.467816 0.491696 0.479825 0.443404 0.498202 1.15792e+77 inf inf 0.473715 0.494147 1.15792e+77 1.15792e+77 1.15792e+77 0.474949 0.49055 0.476499 0.46776 1.15792e+77 0.451142 0.493093 0.468211 0.45795 0.493043 0.45328 0.464353 0.478645 0.446572 0.451591 0.485965 0.470577 inf 1.15792e+77 0.48714 0.465323
1.15792e+77 1.15792e+77 1.15792e+77 1.15792e+77 1.15792e+77 0.627957 0.424009 0.37335 1.15792e+77 1.15792e+77 1.15792e+77 1.15792e+77 1.15792e+77 1.15792e+77 1.15792e+77 1.15792e+77 1.15792e+77 1.15792e+77 1.15792e+77 0.403724 1.15792e+77 0.387874 1.15792e+77 1.15792e+77 1.15792e+77 1.15792e+77 1.15792e+77 1.15792e+77 1.15792e+77 0 1.15792e+77 1.15792e+77 1.15792e+77 1.15792e+77 1.15792e+77 1.15792e+77 0.399476 1.15792e+77 1.15792e+77 0.413623 1.15792e+77 1.15792e+77 1.15792e+77 1.15792e+77 1.15792e+77 1.15792e+77 1.15792e+77 1.15792e+77 1.15792e+77 1.15792e+77 0.399927 1.15792e+77 0.420986 1.15792e+77 inf 1.15792e+77 1.15792e+77 1.15792e+77 0.448153 1.15792e+77 0.421321 1.15792e+77 1.15792e+77 0.423126 0.464444 0.430397 1.15792e+77 1.15792e+77 1.15792e+77 1.15792e+77 1.15792e+77 0.403742 inf inf 1.15792e+77 1.15792e+77 0.40989 0.434209 0.437998 1.15792e+77 1.15792e+77 1.15792e+77 1.15792e+77 0.519431 1.15792e+77 1.15792e+77 1.15792e+77 1.15792e+77 1.15792e+77 1.15792e+77 1.15792e+77 1.15792e+77 1.15792e+77 1.15792e+77 1.15792e+77 1.15792e+77 inf 0.432965 1.15792e+77 1.15792e+77
0.383431 0.43868 0.424605 0.425843 0.449373 1.15792e+77 1.15792e+77 1.15792e+77 0.44577 0.462689 0.47766 0.475727 0.435888 0.4528 0.431639 0.454116 0.459797 0.451796 0.452879 1.15792e+77 0.432501 1.15792e+77 0.414497 0.436461 0.475239 0.410812 0.41604 0.430279 0.425066 1.15792e+77 0 0.473862 0.487485 0.369115 0.447111 0.442486 1.15792e+77 0.417918 0.458253 1.15792e+77 0.475074 0.492972 0.417385 0.415924 0.411168 0.444473 0.424202 0.453517 0.428524 0.446049 1.15792e+77 0.497639 1.15792e+77 0.57319 inf 0.53692 0.526614 0.481931 1.15792e+77 0.549804 1.15792e+77 0.525844 0.52976 1.15792e+77 1.15792e+77 1.15792e+77 0.503713 0.530729 0.521455 0.492569 0.538492 1.15792e+77 inf inf 0.514201 0.531715 1.15792e+77 1.15792e+77 1.15792e+77 0.521842 0.532724 0.533449 0.513794 1.15792e+77 0.502297 0.533005 0.524894 0.518589 0.534891 0.497558 0.528812 0.535172 0.498859 0.513859 0.543334 0.512639 inf 1.15792e+77 0.538984 0.496434
0.412803 0.382702 0.383607 0.434733 0.420225 1.15792e+77 1.15792e+77 1.15792e+77 0.409153 0.370956 0.436175 0.460486 0.452786 0.415219 0.439796 0.362526 0.37228 0.364376 0.418509 1.15792e+77 0.458177 1.15792e+77 0.436693 0.422532 0.383055 0.425089 0.40445 0.395918 0.396762 1.15792e+77 0.473862 0 0.464601 0.405599 0.36008 0.431435 1.15792e+77 0.426141 0.445357 1.15792e+77 0.39467 0.471763 0.441615 0.427151 0.432115 0.372591 0.444349 0.388057 0.421323 0.416534 1.15792e+77 0.468114 1.15792e+77 0.52989 inf 0.498742 0.48514 0.473026 1.15792e+77 0.526489 1.15792e+77 0.492272 0.499209 1.15792e+77 1.15792e+77 1.15792e+77 0.500199 0.506107 0.495754 0.468422 0.506196 1.15792e+77 inf inf 0.494821 0.507256 1.15792e+77 1.15792e+77 1.15792e+77 0.491645 0.505052 0.507251 0.494346 1.15792e+77 0.470226 0.505909 0.484614 0.477158 0.492419 0.495647 0.473853 0.495994 0.453272 0.483978 0.509122 0.478519 inf 1.15792e+77 0.480766 0.482265
0.422709 0.399316 0.467049 0.390883 0.37199 1.15792e+77 1.15792e+77 1.15792e+77 0.373706 0.438334 0.340031 0.362491 0.459267 0.367273 0.465808 0.418361 0.412448 0.469006 0.438285 1.15792e+77 0.393544 1.15792e+77 0.449586 0.399025 0.404769 0.411274 0.432639 0.398293 0.428124 1.15792e+77 0.487485 0.464601 0 0.440673 0.419874 0.383646 1.15792e+77 0.483845 0.450842 1.15792e+77 0.419372 0.331214 0.38549 0.423912 0.44558 0.456423 0.421495 0.448641 0.373194 0.3562 1.15792e+77 0.387741 1.15792e+77 0.478614 inf 0.419958 0.427281 0.391787 1.15792e+77 0.42114 1.15792e+77 0.41583 0.440512 1.15792e+77 1.15792e+77 1.15792e+77 0.418362 0.448222 0.427141 0.405311 0.43607 1.15792e+77 inf inf 0.430573 0.439461 1.15792e+77 1.15792e+77 1.15792e+77 0.420658 0.417912 0.415756 0.4292 1.15792e+77 0.363441 0.441014 0.411638 0.41858 0.417404 0.363058 0.433525 0.373717 0.404729 0.410828 0.452847 0.438368 inf 1.15792e+77 0.430154 0.40803
0.354585 0.399045 0.416808 0.357966 0.38566 1.15792e+77 1.15792e+77 1.15792e+77 0.419369 0.413007 0.440774 0.432495 0.455568 0.39627 0.44252 0.372789 0.416525 0.383992 0.429333 1.15792e+77 0.397436 1.15792e+77 0.405204 0.424759 0.415564 0.351049 0.387707 0.367958 0.396877 1.15792e+77 0.369115 0.405599 0.440673 0 0.373349 0.414989 1.15792e+77 0.420817 0.445652 1.15792e+77 0.429319 0.443655 0.363116 0.423848 0.413149 0.368942 0.391276 0.411554 0.378507 0.391089 1.15792e+77 0.458505 1.15792e+77 0.55669 inf 0.503262 0.511995 0.474922 1.15792e+77 0.51051 1.15792e+77 0.504642 0.51179 1.15792e+77 1.15792e+77 1.15792e+77 0.503902 0.520778 0.510655 0.478663 0.524161 1.15792e+77 inf inf 0.510528 0.533926 1.15792e+77 1.15792e+77 1.15792e+77 0.501838 0.505656 0.504743 0.507702 1.15792e+77 0.48374 0.518724 0.491834 0.492125 0.511563 0.47157 0.502259 0.487168 0.468347 0.486563 0.502288 0.506532 inf 1.15792e+77 0.500085 0.47928
0.38445 0.34331 0.363673 0.385289 0.378369 1.15792e+77 1.15792e+77 1.15792e+77 0.369089 0.332948 0.389333 0.412711 0.43811 0.373283 0.434923 0.321163 0.370968 0.358865 0.415696 1.15792e+77 0.415307 1.15792e+77 0.414575 0.389206 0.34842 0.396508 0.360409 0.334456 0.366894 1.15792e+77 0.447111 0.36008 0.419874 0.373349 0 0.400044 1.15792e+77 0.414339 0.410956 1.15792e+77 0.381688 0.4176 0.388189 0.372922 0.39304 0.350878 0.381017 0.338552 0.358399 0.354211 1.15792e+77 0.440027 1.15792e+77 0.521784 inf 0.471124 0.464935 0.438179 1.15792e+77 0.485573 1.15792e+77 0.479091 0.468878 1.15792e+77 1.15792e+77 1.15792e+77 0.470118 0.479964 0.472613 0.446937 0.487628 1.15792e+77 inf inf 0.476904 0.486672 1.15792e+77 1.15792e+77 1.15792e+77 0.464841 0.476893 0.481377 0.475367 1.15792e+77 0.432914 0.490011 0.453626 0.458213 0.474329 0.449825 0.461577 0.462255 0.433395 0.446827 0.484824 0.471881 inf 1.15792e+77 0.462052 0.451984
0.399177 0.366772 0.401219 0.397763 0.376605 1.15792e+77 1.15792e+77 1.15792e+77 0.359281 0.425683 0.38266 0.35136 0.438497 0.357206 0.437332 0.406782 0.363867 0.441244 0.412075 1.15792e+77 0.375988 1.15792e+77 0.414776 0.378655 0.401031 0.396464 0.368646 0.399157 0.389046 1.15792e+77 0.442486 0.431435 0.383646 0.414989 0.400044 0 1.15792e+77 0.449404 0.450521 1.15792e+77 0.372799 0.404763 0.374982 0.388408 0.381836 0.432685 0.377998 0.402583 0.356105 0.363696 1.15792e+77 0.412956 1.15792e+77 0.496566 inf 0.440666 0.431659 0.404303 1.15792e+77 0.448926 1.15792e+77 0.41349 0.443931 1.15792e+77 1.15792e+77 1.15792e+77 0.423876 0.421088 0.414639 0.392783 0.447646 1.15792e+77 inf inf 0.425271 0.467361 1.15792e+77 1.15792e+77 1.15792e+77 0.429178 0.413513 0.42329 0.418357 1.15792e+77 0.411713 0.443803 0.421927 0.431551 0.438319 0.379376 0.420043 0.423837 0.397384 0.419038 0.447519 0.447359 inf 1.15792e+77 0.43887 0.398651
1.15792e+77 1.15792e+77 1.15792e+77 1.15792e+77 1.15792e+77 0.643358 0.391572 0.405965 1.15792e+77 1.15792e+77 1.15792e+77 1.15792e+77 1.15792e+77 1.15792e+77 1.15792e+77 1.15792e+77 1.15792e+77 1.15792e+77 1.15792e+77 0.356069 1.15792e+77 0.402296 1.15792e+77 1.15792e+77 1.15792e+77 1.15792e+77 1.15792e+77 1.15792e+77 1.15792e+77 0.399476 1.15792e+77 1.15792e+77 1.15792e+77 1.15792e+77 1.15792e+77 1.15792e+77 0 1.15792e+77 1.15792e+77 0.363045 1.15792e+77 1.15792e+77 1.15792e+77 1.15792e+77 1.15792e+77 1.15792e+77 1.15792e+77 1.15792e+77 1.15792e+77 1.15792e+77 0.454227 1.15792e+77 0.456558 1.15792e+77 inf 1.15792e+77 1.15792e+77 1.15792e+77 0.484432 1.15792e+77 0.446078 1.15792e+77 1.15792e+77 0.440196 0.496622 0.462076 1.15792e+77 1.15792e+77 1.15792e+77 1.15792e+77 1.15792e+77 0.441277 inf inf 1.15792e+77 1.15792e+77 0.447881 0.481968 0.478072 1.15792e+77 1.15792e+77 1.15792e+77 1.15792e+77 0.543047 1.15792e+77 1.15792e+77 1.15792e+77 1.15792e+77 1.15792e+77 1.15792e+77 1.15792e+77 1.15792e+77 1.15792e+77 1.15792e+77 1.15792e+77 1.15792e+77 inf 0.47147 1.15792e+77 1.15792e+77
0.413218 0.387916 0.367142 0.427022 0.413885 1.15792e+77 1.15792e+77 1.15792e+77 0.421925 0.408894 0.480741 0.478393 0.423289 0.450397 0.380643 0.402586 0.414169 0.410046 0.433969 1.15792e+77 0.431717 1.15792e+77 0.410972 0.452612 0.439986 0.421743 0.388541 0.447692 0.391549 1.15792e+77 0.417918 0.426141 0.483845 0.420817 0.414339 0.449404 1.15792e+77 0 0.418667 1.15792e+77 0.420147 0.508615 0.41349 0.388209 0.42971 0.410676 0.413026 0.381275 0.422366 0.424158 1.15792e+77 0.486741 1.15792e+77 0.560345 inf 0.523147 0.516373 0.475544 1.15792e+77 0.553809 1.15792e+77 0.516205 0.519134 1.15792e+77 1.15792e+77 1.15792e+77 0.507957 0.514511 0.502984 0.489599 0.52895 1.15792e+77 inf inf 0.521235 0.529267 1.15792e+77 1.15792e+77 1.15792e+77 0.518929 0.539926 0.523638 0.520107 1.15792e+77 0.49838 0.535307 0.518423 0.507909 0.532398 0.520748 0.511822 0.536102 0.496494 0.506767 0.538207 0.497927 inf 1.15792e+77 0.527691 0.503593
0.42003 0.430346 0.436883 0.415849 0.411672 1.15792e+77 1.15792e+77 1.15792e+77 0.401342 0.41737 0.434063 0.442685 0.379701 0.426211 0.385689 0.435896 0.415163 0.412417 0.381821 1.15792e+77 0.412467 1.15792e+77 0.362095 0.363133 0.414785 0.401752 0.439234 0.441398 0.417036 1.15792e+77 0.458253 0.445357 0.450842 0.445652 0.410956 0.450521 1.15792e+77 0.418667 0 1.15792e+77 0.381427 0.466091 0.407572 0.413674 0.456595 0.469632 0.44473 0.420932 0.432624 0.400811 1.15792e+77 0.41871 1.15792e+77 0.490892 inf 0.482846 0.457731 0.43875 1.15792e+77 0.508028 1.15792e+77 0.458445 0.442249 1.15792e+77 1.15792e+77 1.15792e+77 0.445394 0.449858 0.433839 0.433989 0.475398 1.15792e+77 inf inf 0.447373 0.448353 1.15792e+77 1.15792e+77 1.15792e+77 0.467788 0.487799 0.476469 0.456166 1.15792e+77 0.449285 0.467271 0.463432 0.43626 0.483778 0.482485 0.443377 0.478569 0.455898 0.437195 0.494512 0.443142 inf 1.15792e+77 0.467565 0.460698
1.15792e+77 1.15792e+77 1.15792e+77 1.15792e+77 1.15792e+77 0.642662 0.371622 0.415659 1.15792e+77 1.15792e+77 1.15792e+77 1.15792e+77 1.15792e+77 1.15792e+77 1.15792e+77 1.15792e+77 1.15792e+77 1.15792e+77 1.15792e+77 0.388555 1.15792e+77 0.403538 1.15792e+77 1.15792e+77 1.15792e+77 1.15792e+77 1.15792e+77 1.15792e+77 1.15792e+77 0.413623 1.15792e+77 1.15792e+77 1.15792e+77 1.15792e+77 1.15792e+77 1.15792e+77 0.363045 1.15792e+77 1.15792e+77 0 1.15792e+77 1.15792e+77 1.15792e+77 1.15792e+77 1.15792e+77 1.15792e+77 1.15792e+77 1.15792e+77 1.15792e+77 1.15792e+77 0.484746 1.15792e+77 0.463922 1.15792e+77 inf 1.15792e+77 1.15792e+77 1.15792e+77 0.506321 1.15792e+77 0.472157 1.15792e+77 1.15792e+77 0.442994 0.509005 0.492376 1.15792e+77 1.15792e+77 1.15792e+77 1.15792e+77 1.15792e+77 0.429753 inf inf 1.15792e+77 1.15792e+77 0.438595 0.475871 0.486364 1.15792e+77 1.15792e+77 1.15792e+77 1.15792e+77 0.540208 1.15792e+77 1.15792e+77 1.15792e+77 1.15792e+77 1.15792e+77 1.15792e+77 1.15792e+77 1.15792e+77 1.15792e+77 1.15792e+77 1.15792e+77 1.15792e+77 inf 0.465619 1.15792e+77 1.15792e+77
0.414034 0.378209 0.375626 0.424744 0.357292 1.15792e+77 1.15792e+77 1.15792e+77 0.347348 0.398161 0.393415 0.409931 0.400664 0.403053 0.417739 0.385718 0.341606 0.424797 0.393018 1.15792e+77 0.389411 1.15792e+77 0.407988 0.373427 0.372184 0.396846 0.383273 0.408332 0.391785 1.15792e+77 0.475074 0.39467 0.419372 0.429319 0.381688 0.372799 1.15792e+77 0.420147 0.381427 1.15792e+77 0 0.433439 0.409997 0.372308 0.431313 0.426936 0.405948 0.389061 0.390756 0.390378 1.15792e+77 0.385214 1.15792e+77 0.482903 inf 0.430533 0.415637 0.390848 1.15792e+77 0.466337 1.15792e+77 0.410188 0.428915 1.15792e+77 1.15792e+77 1.15792e+77 0.405541 0.4093 0.401791 0.374506 0.443885 1.15792e+77 inf inf 0.405105 0.436635 1.15792e+77 1.15792e+77 1.15792e+77 0.419208 0.439707 0.435779 0.417388 1.15792e+77 0.417851 0.434284 0.416779 0.416752 0.436925 0.434303 0.400056 0.442363 0.396309 0.40341 0.445914 0.428443 inf 1.15792e+77 0.423616 0.404468
