0 0.734945 0.768588 0.795298 0.818393 1.79769e+308 1.79769e+308 1.79769e+308 0.859939 0.919151 0.915849 0.890295 0.834495 0.827596 0.865391 0.772103 0.893146 0.800029 0.979296 1.79769e+308 0.877349 1.79769e+308 0.790202 0.714551 0.918369 0.729182 0.704176 0.810436 0.811187 1.79769e+308 0.771445 0.931603 0.85287 0.684573 0.75132 0.899019 1.79769e+308 0.846168 0.883177 1.79769e+308 0.900254 1.02095 0.737549 0.679688 0.887501 0.774952 0.75468 0.779649 0.731514 0.785065 1.79769e+308 1.06845 1.79769e+308 1.5657 inf 1.36806 1.30624 1.17386 1.79769e+308 1.3934 1.79769e+308 1.28928 1.25788 1.79769e+308 1.79769e+308 1.79769e+308 1.23939 1.31892 1.26051 1.19825 1.52377 1.79769e+308 inf inf 1.28853 1.34897 1.79769e+308 1.79769e+308 1.79769e+308 1.38978 1.33779 1.40296 1.3348 1.79769e+308 1.10711 1.32836 1.27685 1.36152 1.4099 1.12731 1.34169 1.27553 1.26711 1.18885 1.46116 1.43244 inf 1.79769e+308 1.37338 1.22142
0.734945 0 0.650822 0.878554 0.77224 1.79769e+308 1.79769e+308 1.79769e+308 0.763959 0.863337 0.801922 0.858018 0.897463 0.766153 0.797489 0.713931 0.751973 0.781255 0.990943 1.79769e+308 0.855731 1.79769e+308 0.838314 0.722846 0.777085 0.744363 0.696685 0.720473 0.770811 1.79769e+308 0.934746 0.862129 0.77752 0.736584 0.696733 0.759326 1.79769e+308 0.770397 0.935862 1.79769e+308 0.757198 0.888885 0.786982 0.692387 0.795263 0.73898 0.777163 0.732764 0.772809 0.769635 1.79769e+308 1.00196 1.79769e+308 1.36718 inf 1.23766 1.16791 1.01402 1.79769e+308 1.21387 1.79769e+308 1.13298 1.13749 1.79769e+308 1.79769e+308 1.79769e+308 1.11312 1.15754 1.10354 1.02646 1.30843 1.79769e+308 inf inf 1.1021 1.18809 1.79769e+308 1.79769e+308 1.79769e+308 1.2216 1.11805 1.22307 1.0988 1.79769e+308 1.00925 1.16874 1.09397 1.10341 1.17905 1.01445 1.13977 1.07206 1.01845 1.00423 1.2998 1.18 inf 1.79769e+308 1.13408 1.01967
0.768588 0.650822 0 0.8655 0.829805 1.79769e+308 1.79769e+308 1.79769e+308 0.765185 0.75558 0.917841 0.881706 0.763389 0.85533 0.854675 0.714796 0.726006 0.791545 0.950196 1.79769e+308 0.86135 1.79769e+308 0.828509 0.813557 0.882858 0.804676 0.584864 0.885203 0.719951 1.79769e+308 0.869284 0.799451 0.956316 0.802891 0.709969 0.70635 1.79769e+308 0.689968 0.912937 1.79769e+308 0.735668 1.05656 0.807627 0.74437 0.721489 0.793021 0.769013 0.714193 0.813441 0.772258 1.79769e+308 1.11867 1.79769e+308 1.54672 inf 1.33835 1.25632 1.15476 1.79769e+308 1.38484 1.79769e+308 1.23023 1.25946 1.79769e+308 1.79769e+308 1.79769e+308 1.18079 1.28697 1.1611 1.0801 1.4068 1.79769e+308 inf inf 1.21707 1.29532 1.79769e+308 1.79769e+308 1.79769e+308 1.30142 1.20313 1.34229 1.18901 1.79769e+308 1.11546 1.30044 1.23963 1.25465 1.34581 1.13079 1.24673 1.2265 1.13521 1.14303 1.4514 1.32788 inf 1.79769e+308 1.31833 1.21902
0.795298 0.878554 0.8655 0 0.809001 1.79769e+308 1.79769e+308 1.79769e+308 0.896409 0.877116 0.940899 0.912436 0.977032 0.777827 0.848471 0.810536 0.872066 0.773066 0.894123 1.79769e+308 0.93714 1.79769e+308 0.799964 0.851494 0.895558 0.751319 0.81298 0.78433 0.847233 1.79769e+308 0.891286 0.899476 0.845018 0.747345 0.764549 0.914592 1.79769e+308 0.810632 0.920535 1.79769e+308 0.946596 0.884201 0.60065 0.749551 0.808408 0.837216 0.792193 0.866643 0.808423 0.609425 1.79769e+308 1.24452 1.79769e+308 1.57999 inf 1.39515 1.35796 1.15037 1.79769e+308 1.49 1.79769e+308 1.3454 1.29174 1.79769e+308 1.79769e+308 1.79769e+308 1.27781 1.44296 1.28583 1.26269 1.49058 1.79769e+308 inf inf 1.40035 1.35912 1.79769e+308 1.79769e+308 1.79769e+308 1.35278 1.36518 1.38392 1.35769 1.79769e+308 1.2101 1.33206 1.33184 1.29366 1.37854 1.20937 1.33491 1.25006 1.22122 1.14902 1.54941 1.29115 inf 1.79769e+308 1.41179 1.34998
0.818393 0.77224 0.829805 0.809001 0 1.79769e+308 1.79769e+308 1.79769e+308 0.793421 0.862137 0.746957 0.831324 0.935495 0.754273 0.807469 0.798633 0.7472 0.886858 0.959759 1.79769e+308 0.747117 1.79769e+308 0.840584 0.847914 0.76602 0.788647 0.799291 0.716963 0.869774 1.79769e+308 1.02765 0.865849 0.7605 0.791697 0.723981 0.818528 1.79769e+308 0.847693 0.930736 1.79769e+308 0.715441 0.818142 0.706597 0.873156 0.794669 0.898247 0.810402 0.851332 0.866044 0.668671 1.79769e+308 0.924186 1.79769e+308 1.3155 inf 1.10537 1.07087 0.982648 1.79769e+308 1.20465 1.79769e+308 1.0806 1.11083 1.79769e+308 1.79769e+308 1.79769e+308 1.08646 1.21045 1.07316 1.02253 1.22282 1.79769e+308 inf inf 1.12627 1.08685 1.79769e+308 1.79769e+308 1.79769e+308 1.16559 1.20141 1.16708 1.06457 1.79769e+308 0.932901 1.14108 1.07416 1.01616 1.12671 1.08603 1.05618 1.02582 0.952104 0.950306 1.29192 1.11805 inf 1.79769e+308 1.12177 1.05274
1.79769e+308 1.79769e+308 1.79769e+308 1.79769e+308 1.79769e+308 0 1.12788 1.21625 1.79769e+308 1.79769e+308 1.79769e+308 1.79769e+308 1.79769e+308 1.79769e+308 1.79769e+308 1.79769e+308 1.79769e+308 1.79769e+308 1.79769e+308 1.23445 1.79769e+308 1.00019 1.79769e+308 1.79769e+308 1.79769e+308 1.79769e+308 1.79769e+308 1.79769e+308 1.79769e+308 1.17813 1.79769e+308 1.79769e+308 1.79769e+308 1.79769e+308 1.79769e+308 1.79769e+308 1.17963 1.79769e+308 1.79769e+308 1.19785 1.79769e+308 1.79769e+308 1.79769e+308 1.79769e+308 1.79769e+308 1.79769e+308 1.79769e+308 1.79769e+308 1.79769e+308 1.79769e+308 1.4089 1.79769e+308 1.41929 1.79769e+308 inf 1.79769e+308 1.79769e+308 1.79769e+308 1.66655 1.79769e+308 1.57787 1.79769e+308 1.79769e+308 1.40426 1.49932 1.52679 1.79769e+308 1.79769e+308 1.79769e+308 1.79769e+308 1.79769e+308 1.15517 inf inf 1.79769e+308 1.79769e+308 1.34917 1.47062 1.51994 1.79769e+308 1.79769e+308 1.79769e+308 1.79769e+308 1.2124 1.79769e+308 1.79769e+308 1.79769e+308 1.79769e+308 1.79769e+308 1.79769e+308 1.79769e+308 1.79769e+308 1.79769e+308 1.79769e+308 1.79769e+308 1.79769e+308 inf 1.51448 1.79769e+308 1.79769e+308
1.79769e+308 1.79769e+308 1.79769e+308 1.79769e+308 1.79769e+308 1.12788 0 0.860081 1.79769e+308 1.79769e+308 1.79769e+308 1.79769e+308 1.79769e+308 1.79769e+308 1.79769e+308 1.79769e+308 1.79769e+308 1.79769e+308 1.79769e+308 0.927158 1.79769e+308 0.726039 1.79769e+308 1.79769e+308 1.79769e+308 1.79769e+308 1.79769e+308 1.79769e+308 1.79769e+308 0.943213 1.79769e+308 1.79769e+308 1.79769e+308 1.79769e+308 1.79769e+308 1.79769e+308 0.757526 1.79769e+308 1.79769e+308 0.668121 1.79769e+308 1.79769e+308 1.79769e+308 1.79769e+308 1.79769e+308 1.79769e+308 1.79769e+308 1.79769e+308 1.79769e+308 1.79769e+308 1.2568 1.79769e+308 1.3699 1.79769e+308 inf 1.79769e+308 1.79769e+308 1.79769e+308 1.56777 1.79769e+308 1.4258 1.79769e+308 1.79769e+308 1.27906 1.50304 1.39995 1.79769e+308 1.79769e+308 1.79769e+308 1.79769e+308 1.79769e+308 1.03261 inf inf 1.79769e+308 1.79769e+308 1.19999 1.30328 1.44925 1.79769e+308 1.79769e+308 1.79769e+308 1.79769e+308 1.39967 1.79769e+308 1.79769e+308 1.79769e+308 1.79769e+308 1.79769e+308 1.79769e+308 1.79769e+308 1.79769e+308 1.79769e+308 1.79769e+308 1.79769e+308 1.79769e+308 inf 1.28755 1.79769e+308 1.79769e+308
1.79769e+308 1.79769e+308 1.79769e+308 1.79769e+308 1.79769e+308 1.21625 0.860081 0 1.79769e+308 1.79769e+308 1.79769e+308 1.79769e+308 1.79769e+308 1.79769e+308 1.79769e+308 1.79769e+308 1.79769e+308 1.79769e+308 1.79769e+308 0.632024 1.79769e+308 0.82898 1.79769e+308 1.79769e+308 1.79769e+308 1.79769e+308 1.79769e+308 1.79769e+308 1.79769e+308 0.715257 1.79769e+308 1.79769e+308 1.79769e+308 1.79769e+308 1.79769e+308 1.79769e+308 0.721176 1.79769e+308 1.79769e+308 0.805316 1.79769e+308 1.79769e+308 1.79769e+308 1.79769e+308 1.79769e+308 1.79769e+308 1.79769e+308 1.79769e+308 1.79769e+308 1.79769e+308 0.982521 1.79769e+308 1.16485 1.79769e+308 inf 1.79769e+308 1.79769e+308 1.79769e+308 1.26363 1.79769e+308 1.17337 1.79769e+308 1.79769e+308 1.10106 1.40565 1.27806 1.79769e+308 1.79769e+308 1.79769e+308 1.79769e+308 1.79769e+308 0.941325 inf inf 1.79769e+308 1.79769e+308 0.980841 1.06862 1.20046 1.79769e+308 1.79769e+308 1.79769e+308 1.79769e+308 1.04568 1.79769e+308 1.79769e+308 1.79769e+308 1.79769e+308 1.79769e+308 1.79769e+308 1.79769e+308 1.79769e+308 1.79769e+308 1.79769e+308 1.79769e+308 1.79769e+308 inf 1.18725 1.79769e+308 1.79769e+308
0.859939 0.763959 0.765185 0.896409 0.793421 1.79769e+308 1.79769e+308 1.79769e+308 0 0.875444 0.873795 0.744453 0.876682 0.731063 0.908323 0.762716 0.772239 0.926989 0.923201 1.79769e+308 0.83921 1.79769e+308 0.82983 0.768943 0.761367 0.867259 0.727483 0.812412 0.741125 1.79769e+308 0.980941 0.941688 0.72198 0.96427 0.786546 0.791153 1.79769e+308 0.906493 0.824525 1.79769e+308 0.74282 0.923426 0.836818 0.764521 0.918669 0.941101 0.860758 0.906875 0.770173 0.792895 1.79769e+308 0.825989 1.79769e+308 1.32702 inf 1.07567 1.021 0.862655 1.79769e+308 1.1362 1.79769e+308 0.966423 0.960436 1.79769e+308 1.79769e+308 1.79769e+308 0.913808 1.05682 0.975434 0.885138 1.17634 1.79769e+308 inf inf 1.02866 1.02283 1.79769e+308 1.79769e+308 1.79769e+308 0.997881 1.05952 1.09504 1.01847 1.79769e+308 0.834547 1.19344 0.993735 1.05547 1.11476 0.839905 1.04115 1.01662 0.926299 0.882309 1.16805 1.0614 inf 1.79769e+308 1.11104 0.946023
0.919151 0.863337 0.75558 0.877116 0.862137 1.79769e+308 1.79769e+308 1.79769e+308 0.875444 0 0.842968 0.936539 0.733244 0.815073 0.791524 0.757965 0.883544 0.661012 0.899244 1.79769e+308 1.0282 1.79769e+308 0.852656 0.828654 0.833104 0.797026 0.715962 0.840457 0.744158 1.79769e+308 1.00718 0.810149 0.835288 0.898665 0.612826 0.987156 1.79769e+308 0.827041 0.856089 1.79769e+308 0.850391 0.962817 0.75647 0.941653 0.807417 0.922826 1.01267 0.824526 0.826914 0.759952 1.79769e+308 1.21265 1.79769e+308 1.49237 inf 1.41213 1.35141 1.17993 1.79769e+308 1.5298 1.79769e+308 1.35756 1.38391 1.79769e+308 1.79769e+308 1.79769e+308 1.33835 1.42214 1.30864 1.22749 1.46122 1.79769e+308 inf inf 1.33191 1.33121 1.79769e+308 1.79769e+308 1.79769e+308 1.3652 1.35691 1.43935 1.27697 1.79769e+308 1.17342 1.31716 1.30594 1.27857 1.41643 1.21173 1.33934 1.20912 1.23251 1.19529 1.54981 1.29649 inf 1.79769e+308 1.4222 1.33369
0.915849 0.801922 0.917841 0.940899 0.746957 1.79769e+308 1.79769e+308 1.79769e+308 0.873795 0.842968 0 0.821324 0.931037 0.769732 0.886487 0.878332 0.727685 0.971612 0.868322 1.79769e+308 0.805511 1.79769e+308 0.976334 0.731291 0.716995 0.840628 0.887705 0.840056 0.967004 1.79769e+308 1.12898 0.800388 0.67743 0.998132 0.722135 0.80627 1.79769e+308 1.01283 0.963061 1.79769e+308 0.81772 0.675377 0.818702 0.977327 0.869879 0.99554 0.992554 0.939507 0.869027 0.729928 1.79769e+308 0.860415 1.79769e+308 1.09105 inf 1.02188 0.945809 0.880282 1.79769e+308 1.05719 1.79769e+308 0.960665 0.96795 1.79769e+308 1.79769e+308 1.79769e+308 0.984531 1.09471 0.946043 0.882711 0.995353 1.79769e+308 inf inf 1.01171 0.952193 1.79769e+308 1.79769e+308 1.79769e+308 0.974077 0.860449 1.0618 0.921834 1.79769e+308 0.816917 0.954887 0.85204 0.918891 0.932115 0.950698 0.919966 0.875419 0.880595 0.866619 1.23629 0.923861 inf 1.79769e+308 0.868691 0.996371
0.890295 0.858018 0.881706 0.912436 0.831324 1.79769e+308 1.79769e+308 1.79769e+308 0.744453 0.936539 0.821324 0 1.04655 0.716518 0.971501 0.83931 0.899296 0.949002 0.995647 1.79769e+308 0.805055 1.79769e+308 0.952946 0.861569 0.91722 0.893686 0.833972 0.883008 0.922608 1.79769e+308 1.0891 0.9598 0.789035 0.941411 0.833609 0.766633 1.79769e+308 0.957278 0.924393 1.79769e+308 0.868616 0.890983 0.821147 0.84635 0.911836 1.01662 0.883097 0.926246 0.770909 0.721949 1.79769e+308 1.0145 1.79769e+308 1.4071 inf 1.20888 1.16048 0.956736 1.79769e+308 1.2333 1.79769e+308 1.1593 1.0688 1.79769e+308 1.79769e+308 1.79769e+308 1.13786 1.15994 1.10695 1.0639 1.34838 1.79769e+308 inf inf 1.16871 1.17033 1.79769e+308 1.79769e+308 1.79769e+308 1.16311 1.08918 1.21679 1.16134 1.79769e+308 0.960035 1.1822 1.11604 1.17526 1.23319 0.982678 1.11218 1.0756 1.10881 1.00223 1.34079 1.26369 inf 1.79769e+308 1.25164 1.09957
0.834495 0.897463 0.763389 0.977032 0.935495 1.79769e+308 1.79769e+308 1.79769e+308 0.876682 0.733244 0.931037 1.04655 0 0.887107 0.776247 0.882252 0.80466 0.815775 0.909654 1.79769e+308 1.0033 1.79769e+308 0.728642 0.759528 0.929121 0.832461 0.842698 0.999107 0.868394 1.79769e+308 0.902854 0.98235 0.932312 0.94402 0.849204 0.923542 1.79769e+308 0.805847 0.762638 1.79769e+308 0.851165 1.10754 0.849994 0.938062 0.784433 1.0672 0.973639 0.859309 0.902854 0.812508 1.79769e+308 1.09622 1.79769e+308 1.43442 inf 1.42304 1.24929 1.1539 1.79769e+308 1.4459 1.79769e+308 1.25874 1.2279 1.79769e+308 1.79769e+308 1.79769e+308 1.19653 1.33447 1.15092 1.13755 1.36809 1.79769e+308 inf inf 1.19343 1.17561 1.79769e+308 1.79769e+308 1.79769e+308 1.31976 1.36395 1.37461 1.20647 1.79769e+308 1.08741 1.26468 1.27487 1.18482 1.36085 1.23976 1.25395 1.25274 1.21262 1.19619 1.60052 1.23631 inf 1.79769e+308 1.31913 1.31822
0.827596 0.766153 0.85533 0.777827 0.754273 1.79769e+308 1.79769e+308 1.79769e+308 0.731063 0.815073 0.769732 0.716518 0.887107 0 0.757035 0.690147 0.7555 0.748894 0.932282 1.79769e+308 0.769516 1.79769e+308 0.813637 0.759741 0.774429 0.782644 0.707224 0.804321 0.727216 1.79769e+308 0.956905 0.803472 0.720639 0.869194 0.732764 0.70965 1.79769e+308 0.870021 0.841938 1.79769e+308 0.812499 0.786515 0.729992 0.787494 0.797983 0.802682 0.85864 0.79172 0.795537 0.610685 1.79769e+308 0.938822 1.79769e+308 1.2798 inf 1.11052 1.13175 0.924517 1.79769e+308 1.17672 1.79769e+308 1.07865 1.06324 1.79769e+308 1.79769e+308 1.79769e+308 1.05567 1.16535 0.995145 0.95562 1.2359 1.79769e+308 inf inf 1.06852 1.01472 1.79769e+308 1.79769e+308 1.79769e+308 1.10655 1.05519 1.1946 0.976013 1.79769e+308 0.928708 1.14409 0.9944 1.08947 1.11609 0.909533 1.05788 0.969141 0.94634 0.946187 1.23896 1.10189 inf 1.79769e+308 1.10975 1.04355
0.865391 0.797489 0.854675 0.848471 0.807469 1.79769e+308 1.79769e+308 1.79769e+308 0.908323 0.791524 0.886487 0.971501 0.776247 0.757035 0 0.858011 0.781763 0.816253 0.902809 1.79769e+308 0.947476 1.79769e+308 0.760195 0.816351 0.858464 0.828053 0.906277 0.956257 0.837721 1.79769e+308 0.938947 0.826128 0.942584 0.912577 0.75751 0.983352 1.79769e+308 0.716405 0.830986 1.79769e+308 0.889449 1.00698 0.771929 0.885096 0.85363 0.912649 0.919811 0.8273 0.923996 0.672937 1.79769e+308 1.15148 1.79769e+308 1.36837 inf 1.34514 1.28089 1.0324 1.79769e+308 1.45766 1.79769e+308 1.27927 1.299 1.79769e+308 1.79769e+308 1.79769e+308 1.23452 1.39338 1.20042 1.14065 1.37017 1.79769e+308 inf inf 1.27313 1.20196 1.79769e+308 1.79769e+308 1.79769e+308 1.35255 1.28854 1.3804 1.17273 1.79769e+308 1.22421 1.25275 1.25062 1.19367 1.24275 1.26022 1.21291 1.23784 1.19089 1.11616 1.58773 1.11794 inf 1.79769e+308 1.32869 1.259
0.772103 0.713931 0.714796 0.810536 0.798633 1.79769e+308 1.79769e+308 1.79769e+308 0.762716 0.757965 0.878332 0.83931 0.882252 0.690147 0.858011 0 0.811099 0.731744 0.953598 1.79769e+308 0.871661 1.79769e+308 0.781859 0.846086 0.759151 0.731768 0.647184 0.731999 0.757335 1.79769e+308 0.911288 0.760679 0.789016 0.759161 0.583312 0.877758 1.79769e+308 0.723262 0.915912 1.79769e+308 0.748512 0.907014 0.798903 0.730623 0.915932 0.703542 0.779911 0.625691 0.742771 0.784473 1.79769e+308 1.02194 1.79769e+308 1.43717 inf 1.21265 1.20673 1.07817 1.79769e+308 1.26276 1.79769e+308 1.20399 1.18173 1.79769e+308 1.79769e+308 1.79769e+308 1.2224 1.25958 1.12763 1.03935 1.38731 1.79769e+308 inf inf 1.22138 1.2004 1.79769e+308 1.79769e+308 1.79769e+308 1.18503 1.25142 1.31017 1.25114 1.79769e+308 1.08318 1.27315 1.129 1.1957 1.27644 1.05663 1.24326 1.14251 1.08554 1.04848 1.35565 1.27508 inf 1.79769e+308 1.24183 1.15259
0.893146 0.751973 0.726006 0.872066 0.7472 1.79769e+308 1.79769e+308 1.79769e+308 0.772239 0.883544 0.727685 0.899296 0.80466 0.7555 0.781763 0.811099 0 0.924458 0.747459 1.79769e+308 0.85342 1.79769e+308 0.822204 0.765909 0.699051 0.724948 0.786173 0.844745 0.761247 1.79769e+308 1.02828 0.690502 0.787311 0.910074 0.724649 0.698918 1.79769e+308 0.819432 0.880509 1.79769e+308 0.660192 0.864433 0.793335 0.863492 0.745053 0.873452 0.876693 0.860073 0.850434 0.712711 1.79769e+308 1.00395 1.79769e+308 1.23038 inf 1.11378 1.02141 0.969764 1.79769e+308 1.25132 1.79769e+308 1.00548 1.15821 1.79769e+308 1.79769e+308 1.79769e+308 1.13308 1.17629 0.985688 0.972597 1.0998 1.79769e+308 inf inf 1.10457 1.05945 1.79769e+308 1.79769e+308 1.79769e+308 1.10942 1.09409 1.20784 0.980179 1.79769e+308 0.964912 1.0288 1.04296 0.980906 1.04948 1.04651 0.984386 1.03981 0.882942 0.919782 1.32078 0.924837 inf 1.79769e+308 1.05513 1.0492
0.800029 0.781255 0.791545 0.773066 0.886858 1.79769e+308 1.79769e+308 1.79769e+308 0.926989 0.661012 0.971612 0.949002 0.815775 0.748894 0.816253 0.731744 0.924458 0 0.943267 1.79769e+308 1.00964 1.79769e+308 0.765332 0.803869 0.845199 0.729789 0.810125 0.840344 0.849545 1.79769e+308 0.984788 0.767619 0.926781 0.755976 0.702849 0.957982 1.79769e+308 0.726551 0.839592 1.79769e+308 0.926539 1.01791 0.684427 0.86428 0.874189 0.775886 0.961893 0.723766 0.768891 0.771531 1.79769e+308 1.21966 1.79769e+308 1.53932 inf 1.42371 1.35756 1.18106 1.79769e+308 1.5028 1.79769e+308 1.39312 1.34349 1.79769e+308 1.79769e+308 1.79769e+308 1.37172 1.43382 1.34899 1.25009 1.52852 1.79769e+308 inf inf 1.4012 1.38003 1.79769e+308 1.79769e+308 1.79769e+308 1.39872 1.39958 1.49684 1.3048 1.79769e+308 1.24969 1.39898 1.33178 1.30595 1.4124 1.24055 1.36502 1.26049 1.27539 1.21033 1.55135 1.35932 inf 1.79769e+308 1.38991 1.3578
0.979296 0.990943 0.950196 0.894123 0.959759 1.79769e+308 1.79769e+308 1.79769e+308 0.923201 0.899244 0.868322 0.995647 0.909654 0.932282 0.902809 0.953598 0.747459 0.943267 0 1.79769e+308 0.997403 1.79769e+308 0.876156 0.791915 0.801326 0.797262 0.962393 1.00548 0.873841 1.79769e+308 1.12949 0.874602 0.963326 0.991055 0.924671 0.919324 1.79769e+308 0.909085 0.847482 1.79769e+308 0.863393 0.971883 0.829026 1.01073 0.902952 1.12392 1.11103 1.03885 1.00762 0.805056 1.79769e+308 1.13925 1.79769e+308 1.31953 inf 1.32149 1.14908 1.01008 1.79769e+308 1.38266 1.79769e+308 1.08174 1.26569 1.79769e+308 1.79769e+308 1.79769e+308 1.22512 1.26572 1.06414 1.02006 1.10599 1.79769e+308 inf inf 1.23614 1.21808 1.79769e+308 1.79769e+308 1.79769e+308 1.19782 1.11512 1.30019 1.12927 1.79769e+308 1.13213 1.14237 1.14012 1.04301 1.12425 1.23043 1.007 1.1765 1.00717 0.940198 1.52402 0.912397 inf 1.79769e+308 1.19991 1.17267
1.79769e+308 1.79769e+308 1.79769e+308 1.79769e+308 1.79769e+308 1.23445 0.927158 0.632024 1.79769e+308 1.79769e+308 1.79769e+308 1.79769e+308 1.79769e+308 1.79769e+308 1.79769e+308 1.79769e+308 1.79769e+308 1.79769e+308 1.79769e+308 0 1.79769e+308 0.988924 1.79769e+308 1.79769e+308 1.79769e+308 1.79769e+308 1.79769e+308 1.79769e+308 1.79769e+308 0.829508 1.79769e+308 1.79769e+308 1.79769e+308 1.79769e+308 1.79769e+308 1.79769e+308 0.609627 1.79769e+308 1.79769e+308 0.725876 1.79769e+308 1.79769e+308 1.79769e+308 1.79769e+308 1.79769e+308 1.79769e+308 1.79769e+308 1.79769e+308 1.79769e+308 1.79769e+308 0.986599 1.79769e+308 1.00663 1.79769e+308 inf 1.79769e+308 1.79769e+308 1.79769e+308 1.12035 1.79769e+308 1.05164 1.79769e+308 1.79769e+308 0.909511 1.22573 1.11575 1.79769e+308 1.79769e+308 1.79769e+308 1.79769e+308 1.79769e+308 0.907889 inf inf 1.79769e+308 1.79769e+308 0.922056 1.02557 1.09175 1.79769e+308 1.79769e+308 1.79769e+308 1.79769e+308 1.02084 1.79769e+308 1.79769e+308 1.79769e+308 1.79769e+308 1.79769e+308 1.79769e+308 1.79769e+308 1.79769e+308 1.79769e+308 1.79769e+308 1.79769e+308 1.79769e+308 inf 1.10181 1.79769e+308 1.79769e+308
0.877349 0.855731 0.86135 0.93714 0.747117 1.79769e+308 1.79769e+308 1.79769e+308 0.83921 1.0282 0.805511 0.805055 1.0033 0.769516 0.947476 0.871661 0.85342 1.00964 0.997403 1.79769e+308 0 1.79769e+308 0.877111 0.854609 0.900731 0.803348 0.892936 0.894629 0.927914 1.79769e+308 1.08876 1.03962 0.841875 0.926407 0.900756 0.767654 1.79769e+308 0.919168 0.962222 1.79769e+308 0.838993 0.862733 0.797887 0.895133 0.929031 1.00119 0.871293 0.900483 0.889864 0.762499 1.79769e+308 0.853171 1.79769e+308 1.28338 inf 0.997735 0.97827 0.891704 1.79769e+308 1.11329 1.79769e+308 0.976573 0.973394 1.79769e+308 1.79769e+308 1.79769e+308 0.962713 1.07514 0.944081 0.943303 1.19123 1.79769e+308 inf inf 0.984239 1.04647 1.79769e+308 1.79769e+308 1.79769e+308 1.04247 1.04671 1.06069 1.00863 1.79769e+308 0.919134 1.10547 0.995406 1.04095 1.11062 0.923369 1.02313 0.984508 1.01499 0.907646 1.1678 1.09002 inf 1.79769e+308 1.09312 0.95327
1.79769e+308 1.79769e+308 1.79769e+308 1.79769e+308 1.79769e+308 1.00019 0.726039 0.82898 1.79769e+308 1.79769e+308 1.79769e+308 1.79769e+308 1.79769e+308 1.79769e+308 1.79769e+308 1.79769e+308 1.79769e+308 1.79769e+308 1.79769e+308 0.988924 1.79769e+308 0 1.79769e+308 1.79769e+308 1.79769e+308 1.79769e+308 1.79769e+308 1.79769e+308 1.79769e+308 0.881999 1.79769e+308 1.79769e+308 1.79769e+308 1.79769e+308 1.79769e+308 1.79769e+308 0.737005 1.79769e+308 1.79769e+308 0.743404 1.79769e+308 1.79769e+308 1.79769e+308 1.79769e+308 1.79769e+308 1.79769e+308 1.79769e+308 1.79769e+308 1.79769e+308 1.79769e+308 1.22758 1.79769e+308 1.24266 1.79769e+308 inf 1.79769e+308 1.79769e+308 1.79769e+308 1.47944 1.79769e+308 1.27126 1.79769e+308 1.79769e+308 1.19494 1.38917 1.26192 1.79769e+308 1.79769e+308 1.79769e+308 1.79769e+308 1.79769e+308 1.00691 inf inf 1.79769e+308 1.79769e+308 1.16151 1.22132 1.37166 1.79769e+308 1.79769e+308 1.79769e+308 1.79769e+308 1.27909 1.79769e+308 1.79769e+308 1.79769e+308 1.79769e+308 1.79769e+308 1.79769e+308 1.79769e+308 1.79769e+308 1.79769e+308 1.79769e+308 1.79769e+308 1.79769e+308 inf 1.20512 1.79769e+308 1.79769e+308
0.790202 0.838314 0.828509 0.799964 0.840584 1.79769e+308 1.79769e+308 1.79769e+308 0.82983 0.852656 0.976334 0.952946 0.728642 0.813637 0.760195 0.781859 0.822204 0.765332 0.876156 1.79769e+308 0.877111 1.79769e+308 0 0.760264 0.898547 0.74513 0.797056 0.881679 0.764031 1.79769e+308 0.856549 0.961004 0.901419 0.834746 0.81577 0.876349 1.79769e+308 0.799847 0.736811 1.79769e+308 0.852422 1.04735 0.708877 0.864321 0.885874 0.964338 0.872741 0.833204 0.876173 0.817805 1.79769e+308 1.03607 1.79769e+308 1.3721 inf 1.362 1.23647 1.0962 1.79769e+308 1.38834 1.79769e+308 1.23251 1.22808 1.79769e+308 1.79769e+308 1.79769e+308 1.19367 1.3188 1.14678 1.06266 1.33523 1.79769e+308 inf inf 1.16423 1.15147 1.79769e+308 1.79769e+308 1.79769e+308 1.20091 1.31588 1.35593 1.17172 1.79769e+308 1.06118 1.16798 1.17281 1.09106 1.26862 1.19676 1.20135 1.21293 1.17335 1.06723 1.46612 1.19342 inf 1.79769e+308 1.24327 1.27107
0.714551 0.722846 0.813557 0.851494 0.847914 1.79769e+308 1.79769e+308 1.79769e+308 0.768943 0.828654 0.731291 0.861569 0.759528 0.759741 0.816351 0.846086 0.765909 0.803869 0.791915 1.79769e+308 0.854609 1.79769e+308 0.760264 0 0.761819 0.770697 0.774624 0.763973 0.82599 1.79769e+308 0.879131 0.865265 0.762494 0.860139 0.727873 0.742316 1.79769e+308 0.941378 0.73157 1.79769e+308 0.747759 0.893757 0.716426 0.77578 0.897247 0.907227 0.902977 0.879167 0.764782 0.700959 1.79769e+308 0.948894 1.79769e+308 1.33829 inf 1.23778 1.07155 0.944456 1.79769e+308 1.28587 1.79769e+308 1.05475 1.11482 1.79769e+308 1.79769e+308 1.79769e+308 1.03421 1.18153 1.07355 0.959973 1.23535 1.79769e+308 inf inf 1.12633 1.07461 1.79769e+308 1.79769e+308 1.79769e+308 1.15478 1.14024 1.25066 1.04558 1.79769e+308 0.944204 1.0697 1.0697 1.07653 1.12944 0.994954 1.01203 1.03973 1.06317 0.889821 1.35843 1.12407 inf 1.79769e+308 1.15507 1.09732
0.918369 0.777085 0.882858 0.895558 0.76602 1.79769e+308 1.79769e+308 1.79769e+308 0.761367 0.833104 0.716995 0.91722 0.929121 0.774429 0.858464 0.759151 0.699051 0.845199 0.801326 1.79769e+308 0.900731 1.79769e+308 0.898547 0.761819 0 0.825237 0.788262 0.692332 0.911147 1.79769e+308 1.18271 0.788102 0.755911 0.981734 0.681274 0.845053 1.79769e+308 0.902408 0.854402 1.79769e+308 0.742041 0.744584 0.826052 0.910482 0.94479 0.877556 0.990169 0.802107 0.915281 0.765438 1.79769e+308 0.830277 1.79769e+308 1.15808 inf 1.06891 1.001 0.95328 1.79769e+308 1.02906 1.79769e+308 1.03511 1.00884 1.79769e+308 1.79769e+308 1.79769e+308 1.02563 1.16749 0.992273 0.940042 1.02868 1.79769e+308 inf inf 1.08201 0.927614 1.79769e+308 1.79769e+308 1.79769e+308 1.01551 1.07343 1.09632 0.959654 1.79769e+308 0.832993 1.15503 0.820981 0.949729 0.949316 0.962305 1.03186 0.818098 0.891696 0.91667 1.22604 0.991394 inf 1.79769e+308 0.943221 1.05434
0.729182 0.744363 0.804676 0.751319 0.788647 1.79769e+308 1.79769e+308 1.79769e+308 0.867259 0.797026 0.840628 0.893686 0.832461 0.782644 0.828053 0.731768 0.724948 0.729789 0.797262 1.79769e+308 0.803348 1.79769e+308 0.74513 0.770697 0.825237 0 0.794665 0.780351 0.829524 1.79769e+308 0.891598 0.858523 0.857332 0.65927 0.766635 0.819971 1.79769e+308 0.802008 0.845633 1.79769e+308 0.814463 0.889503 0.681725 0.820234 0.781596 0.866754 0.848245 0.739327 0.7643 0.772025 1.79769e+308 1.00555 1.79769e+308 1.30987 inf 1.25965 1.1727 1.11285 1.79769e+308 1.27115 1.79769e+308 1.20417 1.14466 1.79769e+308 1.79769e+308 1.79769e+308 1.15446 1.29377 1.12967 1.03661 1.30708 1.79769e+308 inf inf 1.16608 1.17443 1.79769e+308 1.79769e+308 1.79769e+308 1.22923 1.24442 1.29101 1.18235 1.79769e+308 1.10096 1.17508 1.134 1.07504 1.21799 1.17439 1.18309 1.16765 1.06479 1.02874 1.40779 1.15414 inf 1.79769e+308 1.20836 1.1742
0.704176 0.696685 0.584864 0.81298 0.799291 1.79769e+308 1.79769e+308 1.79769e+308 0.727483 0.715962 0.887705 0.833972 0.842698 0.707224 0.906277 0.647184 0.786173 0.810125 0.962393 1.79769e+308 0.892936 1.79769e+308 0.797056 0.774624 0.788262 0.794665 0 0.756228 0.622083 1.79769e+308 0.771199 0.874252 0.816651 0.765143 0.661505 0.710666 1.79769e+308 0.708852 0.883894 1.79769e+308 0.74788 0.990265 0.808607 0.722135 0.775949 0.748991 0.719247 0.72519 0.676375 0.75691 1.79769e+308 1.08129 1.79769e+308 1.53992 inf 1.2963 1.26152 1.10583 1.79769e+308 1.36281 1.79769e+308 1.22463 1.20992 1.79769e+308 1.79769e+308 1.79769e+308 1.21642 1.25824 1.19288 1.13304 1.40946 1.79769e+308 inf inf 1.22954 1.24481 1.79769e+308 1.79769e+308 1.79769e+308 1.23394 1.24743 1.33027 1.20147 1.79769e+308 1.10844 1.29554 1.18792 1.27445 1.31762 1.01566 1.25918 1.17003 1.12217 1.0759 1.36255 1.31348 inf 1.79769e+308 1.31376 1.1798
0.810436 0.720473 0.885203 0.78433 0.716963 1.79769e+308 1.79769e+308 1.79769e+308 0.812412 0.840457 0.840056 0.883008 0.999107 0.804321 0.956257 0.731999 0.844745 0.840344 1.00548 1.79769e+308 0.894629 1.79769e+308 0.881679 0.763973 0.692332 0.780351 0.756228 0 0.819058 1.79769e+308 0.962749 0.88538 0.791631 0.795428 0.682785 0.880259 1.79769e+308 0.918614 0.965073 1.79769e+308 0.895123 0.833651 0.806912 0.818416 0.890381 0.756864 0.782563 0.871023 0.838794 0.744726 1.79769e+308 1.05587 1.79769e+308 1.48886 inf 1.27722 1.19228 1.11311 1.79769e+308 1.30088 1.79769e+308 1.27196 1.23725 1.79769e+308 1.79769e+308 1.79769e+308 1.24191 1.37357 1.28077 1.17398 1.39486 1.79769e+308 inf inf 1.33037 1.22314 1.79769e+308 1.79769e+308 1.79769e+308 1.24563 1.31142 1.26931 1.20608 1.79769e+308 1.00051 1.28415 1.13997 1.22826 1.27534 1.06926 1.26199 1.12011 1.12602 1.09831 1.32873 1.25711 inf 1.79769e+308 1.2522 1.19809
0.811187 0.770811 0.719951 0.847233 0.869774 1.79769e+308 1.79769e+308 1.79769e+308 0.741125 0.744158 0.967004 0.922608 0.868394 0.727216 0.837721 0.757335 0.761247 0.849545 0.873841 1.79769e+308 0.927914 1.79769e+308 0.764031 0.82599 0.911147 0.829524 0.622083 0.819058 0 1.79769e+308 0.830888 0.85421 0.840958 0.793864 0.751505 0.828035 1.79769e+308 0.811263 0.874314 1.79769e+308 0.818282 1.03545 0.763068 0.784978 0.831588 0.823638 0.787306 0.810961 0.829467 0.827425 1.79769e+308 1.13535 1.79769e+308 1.55926 inf 1.35853 1.27405 1.0834 1.79769e+308 1.48005 1.79769e+308 1.28481 1.29507 1.79769e+308 1.79769e+308 1.79769e+308 1.24413 1.40483 1.24664 1.16904 1.48676 1.79769e+308 inf inf 1.23429 1.26033 1.79769e+308 1.79769e+308 1.79769e+308 1.30123 1.32844 1.31896 1.1939 1.79769e+308 1.09999 1.23215 1.30236 1.19091 1.40375 1.0586 1.24284 1.25205 1.18341 1.09121 1.37873 1.30202 inf 1.79769e+308 1.44819 1.23144
1.79769e+308 1.79769e+308 1.79769e+308 1.79769e+308 1.79769e+308 1.17813 0.943213 0.715257 1.79769e+308 1.79769e+308 1.79769e+308 1.79769e+308 1.79769e+308 1.79769e+308 1.79769e+308 1.79769e+308 1.79769e+308 1.79769e+308 1.79769e+308 0.829508 1.79769e+308 0.881999 1.79769e+308 1.79769e+308 1.79769e+308 1.79769e+308 1.79769e+308 1.79769e+308 1.79769e+308 0 1.79769e+308 1.79769e+308 1.79769e+308 1.79769e+308 1.79769e+308 1.79769e+308 0.834724 1.79769e+308 1.79769e+308 0.855473 1.79769e+308 1.79769e+308 1.79769e+308 1.79769e+308 1.79769e+308 1.79769e+308 1.79769e+308 1.79769e+308 1.79769e+308 1.79769e+308 0.970267 1.79769e+308 1.11644 1.79769e+308 inf 1.79769e+308 1.79769e+308 1.79769e+308 1.24167 1.79769e+308 1.14951 1.79769e+308 1.79769e+308 1.05672 1.28335 1.13636 1.79769e+308 1.79769e+308 1.79769e+308 1.79769e+308 1.79769e+308 0.929781 inf inf 1.79769e+308 1.79769e+308 1.00482 1.08007 1.11562 1.79769e+308 1.79769e+308 1.79769e+308 1.79769e+308 1.09765 1.79769e+308 1.79769e+308 1.79769e+308 1.79769e+308 1.79769e+308 1.79769e+308 1.79769e+308 1.79769e+308 1.79769e+308 1.79769e+308 1.79769e+308 1.79769e+308 inf 1.13866 1.79769e+308 1.79769e+308
0.771445 0.934746 0.869284 0.891286 1.02765 1.79769e+308 1.79769e+308 1.79769e+308 0.980941 1.00718 1.12898 1.0891 0.902854 0.956905 0.938947 0.911288 1.02828 0.984788 1.12949 1.79769e+308 1.08876 1.79769e+308 0.856549 0.879131 1.18271 0.891598 0.771199 0.962749 0.830888 1.79769e+308 0 1.08608 1.06465 0.785377 0.896674 0.996763 1.79769e+308 0.835028 1.03127 1.79769e+308 1.12806 1.19256 0.880475 0.85907 0.851354 0.936004 0.827725 1.00099 0.828744 0.903467 1.79769e+308 1.41781 1.79769e+308 1.81733 inf 1.65501 1.5274 1.3319 1.79769e+308 1.71662 1.79769e+308 1.53774 1.5396 1.79769e+308 1.79769e+308 1.79769e+308 1.47169 1.60288 1.45947 1.40574 1.73326 1.79769e+308 inf inf 1.52437 1.44736 1.79769e+308 1.79769e+308 1.79769e+308 1.59112 1.54043 1.65322 1.50568 1.79769e+308 1.35844 1.51311 1.54966 1.54034 1.5917 1.294 1.54973 1.51766 1.48982 1.40629 1.69314 1.53376 inf 1.79769e+308 1.66358 1.47805
0.931603 0.862129 0.799451 0.899476 0.865849 1.79769e+308 1.79769e+308 1.79769e+308 0.941688 0.810149 0.800388 0.9598 0.98235 0.803472 0.826128 0.760679 0.690502 0.767619 0.874602 1.79769e+308 1.03962 1.79769e+308 0.961004 0.865265 0.788102 0.858523 0.874252 0.88538 0.85421 1.79769e+308 1.08608 0 0.899564 0.913119 0.712167 0.864433 1.79769e+308 0.854524 1.0243 1.79769e+308 0.837899 0.903427 0.906944 0.94686 0.852264 0.799859 1.09466 0.837703 0.946218 0.792885 1.79769e+308 1.14939 1.79769e+308 1.38873 inf 1.31629 1.14955 1.12578 1.79769e+308 1.3761 1.79769e+308 1.21882 1.27534 1.79769e+308 1.79769e+308 1.79769e+308 1.34213 1.37018 1.20828 1.11125 1.32596 1.79769e+308 inf inf 1.29146 1.24068 1.79769e+308 1.79769e+308 1.79769e+308 1.32166 1.19347 1.35409 1.20363 1.79769e+308 1.15997 1.18977 1.20281 1.13274 1.1653 1.17557 1.12475 1.11841 1.0538 1.13872 1.46011 1.13333 inf 1.79769e+308 1.22114 1.25912
0.85287 0.77752 0.956316 0.845018 0.7605 1.79769e+308 1.79769e+308 1.79769e+308 0.72198 0.835288 0.67743 0.789035 0.932312 0.720639 0.942584 0.789016 0.787311 0.926781 0.963326 1.79769e+308 0.841875 1.79769e+308 0.901419 0.762494 0.755911 0.857332 0.816651 0.791631 0.840958 1.79769e+308 1.06465 0.899564 0 0.994683 0.798359 0.843767 1.79769e+308 0.955541 0.923319 1.79769e+308 0.848744 0.662283 0.756008 0.914352 0.946653 0.933171 0.863333 0.977329 0.751671 0.679852 1.79769e+308 0.90717 1.79769e+308 1.24801 inf 1.08442 1.01467 0.904064 1.79769e+308 1.16338 1.79769e+308 1.00302 1.06828 1.79769e+308 1.79769e+308 1.79769e+308 1.06445 1.14435 0.980658 1.01459 1.13477 1.79769e+308 inf inf 1.08622 0.983925 1.79769e+308 1.79769e+308 1.79769e+308 1.07356 1.0574 1.09 1.09807 1.79769e+308 0.736323 1.0265 1.00848 1.02892 1.04298 0.791929 1.07039 0.858871 1.00674 0.896771 1.23244 1.07887 inf 1.79769e+308 1.09141 1.04607
0.684573 0.736584 0.802891 0.747345 0.791697 1.79769e+308 1.79769e+308 1.79769e+308 0.96427 0.898665 0.998132 0.941411 0.94402 0.869194 0.912577 0.759161 0.910074 0.755976 0.991055 1.79769e+308 0.926407 1.79769e+308 0.834746 0.860139 0.981734 0.65927 0.765143 0.795428 0.793864 1.79769e+308 0.785377 0.913119 0.994683 0 0.749155 0.927327 1.79769e+308 0.820405 0.987985 1.79769e+308 0.940914 1.07221 0.685653 0.831188 0.796642 0.721042 0.79564 0.812422 0.759305 0.809482 1.79769e+308 1.22532 1.79769e+308 1.64088 inf 1.42525 1.4276 1.23289 1.79769e+308 1.49386 1.79769e+308 1.4314 1.38925 1.79769e+308 1.79769e+308 1.79769e+308 1.3303 1.49921 1.3674 1.26963 1.59652 1.79769e+308 inf inf 1.3679 1.43786 1.79769e+308 1.79769e+308 1.79769e+308 1.43603 1.43314 1.45259 1.37237 1.79769e+308 1.26959 1.40299 1.40257 1.34551 1.48881 1.26041 1.40469 1.31371 1.29172 1.24065 1.51414 1.40792 inf 1.79769e+308 1.45379 1.32572
0.75132 0.696733 0.709969 0.764549 0.723981 1.79769e+308 1.79769e+308 1.79769e+308 0.786546 0.612826 0.722135 0.833609 0.849204 0.732764 0.75751 0.583312 0.724649 0.702849 0.924671 1.79769e+308 0.900756 1.79769e+308 0.81577 0.727873 0.681274 0.766635 0.661505 0.682785 0.751505 1.79769e+308 0.896674 0.712167 0.798359 0.749155 0 0.865157 1.79769e+308 0.72429 0.818246 1.79769e+308 0.786336 0.819821 0.665771 0.738885 0.740825 0.682662 0.757815 0.67049 0.720412 0.645598 1.79769e+308 1.07649 1.79769e+308 1.44427 inf 1.24073 1.16374 1.0385 1.79769e+308 1.31053 1.79769e+308 1.26475 1.20168 1.79769e+308 1.79769e+308 1.79769e+308 1.20624 1.29237 1.18872 1.13709 1.38019 1.79769e+308 inf inf 1.26836 1.20354 1.79769e+308 1.79769e+308 1.79769e+308 1.23727 1.22188 1.3031 1.19455 1.79769e+308 1.04799 1.20137 1.1098 1.1674 1.2385 1.07221 1.19889 1.09446 1.10451 1.03896 1.39612 1.20594 inf 1.79769e+308 1.23218 1.20876
0.899019 0.759326 0.70635 0.914592 0.818528 1.79769e+308 1.79769e+308 1.79769e+308 0.791153 0.987156 0.80627 0.766633 0.923542 0.70965 0.983352 0.877758 0.698918 0.957982 0.919324 1.79769e+308 0.767654 1.79769e+308 0.876349 0.742316 0.845053 0.819971 0.710666 0.880259 0.828035 1.79769e+308 0.996763 0.864433 0.843767 0.927327 0.865157 0 1.79769e+308 0.917844 1.06562 1.79769e+308 0.719241 0.847435 0.807582 0.841157 0.746884 0.899707 0.829195 0.849406 0.805992 0.778625 1.79769e+308 0.983262 1.79769e+308 1.34499 inf 1.12082 1.02633 1.01236 1.79769e+308 1.15957 1.79769e+308 0.932525 1.04747 1.79769e+308 1.79769e+308 1.79769e+308 1.01812 1.01792 0.978734 0.908949 1.19458 1.79769e+308 inf inf 1.03687 1.14094 1.79769e+308 1.79769e+308 1.79769e+308 1.14763 0.957296 1.08663 0.980532 1.79769e+308 0.948292 1.04912 1.02089 1.05247 1.10819 0.895632 1.00766 1.02029 0.934497 0.917219 1.17963 1.11389 inf 1.79769e+308 1.06503 0.964977
1.79769e+308 1.79769e+308 1.79769e+308 1.79769e+308 1.79769e+308 1.17963 0.757526 0.721176 1.79769e+308 1.79769e+308 1.79769e+308 1.79769e+308 1.79769e+308 1.79769e+308 1.79769e+308 1.79769e+308 1.79769e+308 1.79769e+308 1.79769e+308 0.609627 1.79769e+308 0.737005 1.79769e+308 1.79769e+308 1.79769e+308 1.79769e+308 1.79769e+308 1.79769e+308 1.79769e+308 0.834724 1.79769e+308 1.79769e+308 1.79769e+308 1.79769e+308 1.79769e+308 1.79769e+308 0 1.79769e+308 1.79769e+308 0.668042 1.79769e+308 1.79769e+308 1.79769e+308 1.79769e+308 1.79769e+308 1.79769e+308 1.79769e+308 1.79769e+308 1.79769e+308 1.79769e+308 1.09065 1.79769e+308 1.19151 1.79769e+308 inf 1.79769e+308 1.79769e+308 1.79769e+308 1.3108 1.79769e+308 1.17239 1.79769e+308 1.79769e+308 1.06237 1.34267 1.19476 1.79769e+308 1.79769e+308 1.79769e+308 1.79769e+308 1.79769e+308 1.00363 inf inf 1.79769e+308 1.79769e+308 1.10691 1.23112 1.23621 1.79769e+308 1.79769e+308 1.79769e+308 1.79769e+308 1.20228 1.79769e+308 1.79769e+308 1.79769e+308 1.79769e+308 1.79769e+308 1.79769e+308 1.79769e+308 1.79769e+308 1.79769e+308 1.79769e+308 1.79769e+308 1.79769e+308 inf 1.26655 1.79769e+308 1.79769e+308
0.846168 0.770397 0.689968 0.810632 0.847693 1.79769e+308 1.79769e+308 1.79769e+308 0.906493 0.827041 1.01283 0.957278 0.805847 0.870021 0.716405 0.723262 0.819432 0.726551 0.909085 1.79769e+308 0.919168 1.79769e+308 0.799847 0.941378 0.902408 0.802008 0.708852 0.918614 0.811263 1.79769e+308 0.835028 0.854524 0.955541 0.820405 0.72429 0.917844 1.79769e+308 0 0.903885 1.79769e+308 0.88217 1.05929 0.747726 0.723076 0.826505 0.792677 0.845861 0.71164 0.836288 0.766965 1.79769e+308 1.22421 1.79769e+308 1.56986 inf 1.37176 1.29142 1.1483 1.79769e+308 1.51476 1.79769e+308 1.32939 1.27954 1.79769e+308 1.79769e+308 1.79769e+308 1.31589 1.38768 1.23945 1.23012 1.47884 1.79769e+308 inf inf 1.3924 1.35939 1.79769e+308 1.79769e+308 1.79769e+308 1.36273 1.39457 1.42612 1.30491 1.79769e+308 1.24967 1.37025 1.29833 1.33191 1.4005 1.27641 1.3134 1.31214 1.27168 1.20405 1.60355 1.28271 inf 1.79769e+308 1.41634 1.3479
0.883177 0.935862 0.912937 0.920535 0.930736 1.79769e+308 1.79769e+308 1.79769e+308 0.824525 0.856089 0.963061 0.924393 0.762638 0.841938 0.830986 0.915912 0.880509 0.839592 0.847482 1.79769e+308 0.962222 1.79769e+308 0.736811 0.73157 0.854402 0.845633 0.883894 0.965073 0.874314 1.79769e+308 1.03127 1.0243 0.923319 0.987985 0.818246 1.06562 1.79769e+308 0.903885 0 1.79769e+308 0.801763 1.0882 0.86025 0.904516 1.01589 1.12319 1.01016 0.92207 0.915652 0.835557 1.79769e+308 1.07192 1.79769e+308 1.33993 inf 1.31108 1.16656 1.10217 1.79769e+308 1.41818 1.79769e+308 1.20881 1.12888 1.79769e+308 1.79769e+308 1.79769e+308 1.12016 1.19328 1.07539 1.10593 1.33149 1.79769e+308 inf inf 1.18629 1.0677 1.79769e+308 1.79769e+308 1.79769e+308 1.23936 1.28547 1.35584 1.19244 1.79769e+308 1.06603 1.17456 1.15118 1.15955 1.30124 1.15219 1.18369 1.15512 1.2318 1.00626 1.43607 1.15387 inf 1.79769e+308 1.27077 1.21822
1.79769e+308 1.79769e+308 1.79769e+308 1.79769e+308 1.79769e+308 1.19785 0.668121 0.805316 1.79769e+308 1.79769e+308 1.79769e+308 1.79769e+308 1.79769e+308 1.79769e+308 1.79769e+308 1.79769e+308 1.79769e+308 1.79769e+308 1.79769e+308 0.725876 1.79769e+308 0.743404 1.79769e+308 1.79769e+308 1.79769e+308 1.79769e+308 1.79769e+308 1.79769e+308 1.79769e+308 0.855473 1.79769e+308 1.79769e+308 1.79769e+308 1.79769e+308 1.79769e+308 1.79769e+308 0.668042 1.79769e+308 1.79769e+308 0 1.79769e+308 1.79769e+308 1.79769e+308 1.79769e+308 1.79769e+308 1.79769e+308 1.79769e+308 1.79769e+308 1.79769e+308 1.79769e+308 1.20841 1.79769e+308 1.21781 1.79769e+308 inf 1.79769e+308 1.79769e+308 1.79769e+308 1.37815 1.79769e+308 1.24892 1.79769e+308 1.79769e+308 1.04733 1.38665 1.25353 1.79769e+308 1.79769e+308 1.79769e+308 1.79769e+308 1.79769e+308 0.907582 inf inf 1.79769e+308 1.79769e+308 0.985705 1.20816 1.22391 1.79769e+308 1.79769e+308 1.79769e+308 1.79769e+308 1.21316 1.79769e+308 1.79769e+308 1.79769e+308 1.79769e+308 1.79769e+308 1.79769e+308 1.79769e+308 1.79769e+308 1.79769e+308 1.79769e+308 1.79769e+308 1.79769e+308 inf 1.13657 1.79769e+308 1.79769e+308
0.900254 0.757198 0.735668 0.946596 0.715441 1.79769e+308 1.79769e+308 1.79769e+308 0.74282 0.850391 0.81772 0.868616 0.851165 0.812499 0.889449 0.748512 0.660192 0.926539 0.863393 1.79769e+308 0.838993 1.79769e+308 0.852422 0.747759 0.742041 0.814463 0.74788 0.895123 0.818282 1.79769e+308 1.12806 0.837899 0.848744 0.940914 0.786336 0.719241 1.79769e+308 0.88217 0.801763 1.79769e+308 0 0.895122 0.875957 0.785896 0.900971 0.917203 0.896927 0.790469 0.849015 0.799158 1.79769e+308 0.855584 1.79769e+308 1.19974 inf 0.981137 0.944537 0.873115 1.79769e+308 1.14675 1.79769e+308 0.890063 0.988764 1.79769e+308 1.79769e+308 1.79769e+308 0.901739 0.976049 0.844444 0.789207 1.11326 1.79769e+308 inf inf 0.943598 1.00981 1.79769e+308 1.79769e+308 1.79769e+308 1.01388 0.978206 1.06947 0.94357 1.79769e+308 0.949242 0.926048 0.944229 0.974424 0.997664 0.986177 0.909604 0.987636 0.919071 0.847849 1.21841 1.03642 inf 1.79769e+308 1.02948 0.922905
